
ZAI = [
70140
70150
922340
922350
922360
922380
942380
942390
942400
942410
942420
952410
952421
952430
962420
962440
666
0
];

NAMES = [
'N14             '
'N15             '
'U234            '
'U235            '
'U236            '
'U238            '
'Pu238           '
'Pu239           '
'Pu240           '
'Pu241           '
'Pu242           '
'Am241           '
'Am242m          '
'Am243           '
'Cm242           '
'Cm244           '
'lost            '
'total           '
];

i70140  = 1; iN14              = 1;
i70150  = 2; iN15              = 2;
i922340 = 3; iU234             = 3;
i922350 = 4; iU235             = 4;
i922360 = 5; iU236             = 5;
i922380 = 6; iU238             = 6;
i942380 = 7; iPu238            = 7;
i942390 = 8; iPu239            = 8;
i942400 = 9; iPu240            = 9;
i942410 = 10; iPu241            = 10;
i942420 = 11; iPu242            = 11;
i952410 = 12; iAm241            = 12;
i952421 = 13; iAm242m           = 13;
i952430 = 14; iAm243            = 14;
i962420 = 15; iCm242            = 15;
i962440 = 16; iCm244            = 16;
iLOST    = 17;
iTOT     = 18;

MAT_fuel_VOLUME = [ 4.34730E+06 4.34730E+06 4.34730E+06 4.34730E+06 4.34730E+06 4.34730E+06 4.34730E+06 4.34730E+06 4.34730E+06 4.34730E+06 4.34730E+06 4.34730E+06 4.34730E+06 4.34730E+06 4.34730E+06 4.34730E+06 ];

MAT_fuel_BURNUP = [ 0.00000E+00 1.00008E-01 5.00024E-01 1.17907E+01 2.30713E+01 3.43617E+01 4.56422E+01 5.69325E+01 6.82129E+01 7.95033E+01 9.07936E+01 1.02074E+02 1.13364E+02 1.24645E+02 1.35935E+02 1.58506E+02 ];

MAT_fuel_ADENS = [
0.00000E+00 1.29162E-18 3.23021E-17 1.81985E-14 7.05580E-14 1.58180E-13 2.81642E-13 4.41851E-13 6.38858E-13 8.74100E-13 1.14735E-12 1.45879E-12 1.80937E-12 2.19872E-12 2.62771E-12 3.60410E-12 % N14
0.00000E+00 1.13781E-11 5.73156E-11 1.28673E-09 2.71528E-09 4.08230E-09 5.29586E-09 6.52321E-09 7.45099E-09 8.75660E-09 9.90499E-09 1.10348E-08 1.22298E-08 1.34656E-08 1.47301E-08 1.73138E-08 % N15
0.00000E+00 9.11985E-09 4.54994E-08 1.07462E-06 2.21007E-06 3.47286E-06 4.83299E-06 6.26030E-06 7.72477E-06 9.20402E-06 1.06754E-05 1.21205E-05 1.35252E-05 1.48762E-05 1.61651E-05 1.85237E-05 % U234
0.00000E+00 4.89155E-10 2.47541E-09 6.89789E-08 1.55465E-07 2.62144E-07 3.88850E-07 5.36065E-07 7.01404E-07 8.83875E-07 1.08180E-06 1.29197E-06 1.51442E-06 1.74463E-06 1.98229E-06 2.46621E-06 % U235
0.00000E+00 9.40178E-10 4.69841E-09 1.10031E-07 2.17261E-07 3.24987E-07 4.33161E-07 5.43898E-07 6.54213E-07 7.71798E-07 8.91151E-07 1.01441E-06 1.14259E-06 1.27549E-06 1.41260E-06 1.70069E-06 % U236
1.96548E-02 1.96522E-02 1.96419E-02 1.93505E-02 1.90629E-02 1.87788E-02 1.84993E-02 1.82234E-02 1.79516E-02 1.76831E-02 1.74182E-02 1.71565E-02 1.68975E-02 1.66417E-02 1.63881E-02 1.58881E-02 % U238
1.16429E-04 1.16336E-04 1.16013E-04 1.25900E-04 1.46072E-04 1.64734E-04 1.80188E-04 1.92481E-04 2.01959E-04 2.08944E-04 2.13718E-04 2.16589E-04 2.17814E-04 2.17623E-04 2.16230E-04 2.10533E-04 % Pu238
1.72631E-03 1.72554E-03 1.72716E-03 1.78786E-03 1.84000E-03 1.88446E-03 1.92165E-03 1.95256E-03 1.97762E-03 1.99754E-03 2.01253E-03 2.02350E-03 2.03060E-03 2.03421E-03 2.03454E-03 2.02675E-03 % Pu239
7.91636E-04 7.91690E-04 7.91913E-04 7.99676E-04 8.09956E-04 8.22164E-04 8.35617E-04 8.50248E-04 8.65568E-04 8.81325E-04 8.97169E-04 9.12989E-04 9.28694E-04 9.43826E-04 9.58697E-04 9.86539E-04 % Pu240
4.29092E-04 4.28510E-04 4.26189E-04 3.66918E-04 3.18320E-04 2.78527E-04 2.46117E-04 2.19621E-04 1.98158E-04 1.80807E-04 1.66848E-04 1.55661E-04 1.46758E-04 1.39747E-04 1.34345E-04 1.26974E-04 % Pu241
2.62782E-04 2.62834E-04 2.63111E-04 2.69881E-04 2.74792E-04 2.78163E-04 2.80153E-04 2.81069E-04 2.81057E-04 2.80254E-04 2.78792E-04 2.76763E-04 2.74314E-04 2.71474E-04 2.68333E-04 2.61328E-04 % Pu242
6.04764E-04 6.04442E-04 6.03154E-04 5.66828E-04 5.31109E-04 4.96474E-04 4.63338E-04 4.31776E-04 4.01968E-04 3.73948E-04 3.47719E-04 3.23280E-04 3.00503E-04 2.79433E-04 2.59881E-04 2.25255E-04 % Am241
0.00000E+00 3.59999E-08 1.79392E-07 3.77134E-06 6.56966E-06 8.70446E-06 1.02846E-05 1.14156E-05 1.21767E-05 1.26380E-05 1.28591E-05 1.28886E-05 1.27684E-05 1.25284E-05 1.22007E-05 1.13653E-05 % Am242m
6.04764E-04 6.04362E-04 6.02772E-04 5.59835E-04 5.20541E-04 4.84483E-04 4.51588E-04 4.21317E-04 3.93529E-04 3.67960E-04 3.44433E-04 3.22779E-04 3.02724E-04 2.84186E-04 2.67011E-04 2.36331E-04 % Am243
0.00000E+00 2.50046E-07 1.55020E-06 1.74485E-05 1.90455E-05 1.82735E-05 1.71190E-05 1.59908E-05 1.49083E-05 1.38745E-05 1.29205E-05 1.20355E-05 1.12285E-05 1.04629E-05 9.78711E-06 8.55592E-06 % Cm242
0.00000E+00 3.87905E-07 1.96217E-06 4.25664E-05 7.63334E-05 1.04204E-04 1.26808E-04 1.45057E-04 1.59486E-04 1.70644E-04 1.78984E-04 1.84953E-04 1.88906E-04 1.91162E-04 1.91975E-04 1.90118E-04 % Cm244
0.00000E+00 0.00000E+00 0.00000E+00 0.00000E+00 0.00000E+00 0.00000E+00 0.00000E+00 0.00000E+00 0.00000E+00 0.00000E+00 0.00000E+00 0.00000E+00 0.00000E+00 0.00000E+00 0.00000E+00 0.00000E+00 % lost data
7.25717E-02 7.25743E-02 7.25844E-02 7.28914E-02 7.32115E-02 7.35336E-02 7.38549E-02 7.41754E-02 7.44945E-02 7.48126E-02 7.51295E-02 7.54448E-02 7.57591E-02 7.60718E-02 7.63837E-02 7.70038E-02 % total
];

