
DETflux_fuel = [
    1    1    1    1    1    1    1    1    1    1  7.11318E+14 0.00118 
];


DETflux_fuelE = [
 1.00000E-01  2.00000E+01  1.00500E+01
];
