
DETflux_fuel = [
    1    1    1    1    1    1    1    1    1    1  6.89417E+14 0.00113 
];


DETflux_fuelE = [
 1.00000E-01  2.00000E+01  1.00500E+01
];
