
DET1_VOL   = 1.63361E+01;
DET1_RBINS = 1;
DET1_CBINS = 1;
DET1_MBINS = 1;
DET1_UBINS = 1;
DET1_XBINS = 1;
DET1_YBINS = 1;
DET1_ZBINS = 1;
DET1_LBINS = 1;
DET1_EBINS = 1;
DET1_VALS  = 1;
DET1 = [
    1    1    1    1    1    1    1    1    1    1  7.25733E+13 0.00282 179400
];
DET1E = [
 1.00000E+00  2.00000E+01  1.00000E+00
];

DET2_VOL   = 1.79520E-01;
DET2_RBINS = 1;
DET2_CBINS = 1;
DET2_MBINS = 1;
DET2_UBINS = 1;
DET2_XBINS = 1;
DET2_YBINS = 1;
DET2_ZBINS = 1;
DET2_LBINS = 144;
DET2_EBINS = 1;
DET2_VALS  = 144;
DET2 = [
    1    1    1    1    1    1    1    1    1    1  0.00000E+00 0.00000 0
    2    1    1    1    1    2    1    1    1    1  0.00000E+00 0.00000 0
    3    1    1    1    1    3    1    1    1    1  0.00000E+00 0.00000 0
    4    1    1    1    1    4    1    1    1    1  0.00000E+00 0.00000 0
    5    1    1    1    1    5    1    1    1    1  0.00000E+00 0.00000 0
    6    1    1    1    1    6    1    1    1    1  0.00000E+00 0.00000 0
    7    1    1    1    1    7    1    1    1    1  0.00000E+00 0.00000 0
    8    1    1    1    1    8    1    1    1    1  0.00000E+00 0.00000 0
    9    1    1    1    1    9    1    1    1    1  0.00000E+00 0.00000 0
   10    1    1    1    1   10    1    1    1    1  0.00000E+00 0.00000 0
   11    1    1    1    1   11    1    1    1    1  0.00000E+00 0.00000 0
   12    1    1    1    1   12    1    1    1    1  0.00000E+00 0.00000 0
   13    1    1    1    1   13    1    1    1    1  0.00000E+00 0.00000 0
   14    1    1    1    1   14    1    1    1    1  6.89925E+13 0.02507 1869
   15    1    1    1    1   15    1    1    1    1  6.97439E+13 0.02509 1892
   16    1    1    1    1   16    1    1    1    1  7.41514E+13 0.02274 2025
   17    1    1    1    1   17    1    1    1    1  7.52203E+13 0.02416 2040
   18    1    1    1    1   18    1    1    1    1  7.41841E+13 0.02502 2021
   19    1    1    1    1   19    1    1    1    1  7.29670E+13 0.02402 1976
   20    1    1    1    1   20    1    1    1    1  7.17264E+13 0.02323 1943
   21    1    1    1    1   21    1    1    1    1  6.95030E+13 0.02383 1894
   22    1    1    1    1   22    1    1    1    1  7.15829E+13 0.02332 1935
   23    1    1    1    1   23    1    1    1    1  6.68017E+13 0.02463 1815
   24    1    1    1    1   24    1    1    1    1  0.00000E+00 0.00000 0
   25    1    1    1    1   25    1    1    1    1  0.00000E+00 0.00000 0
   26    1    1    1    1   26    1    1    1    1  7.06600E+13 0.02393 1923
   27    1    1    1    1   27    1    1    1    1  7.52534E+13 0.02305 2047
   28    1    1    1    1   28    1    1    1    1  7.47122E+13 0.02261 2042
   29    1    1    1    1   29    1    1    1    1  7.26317E+13 0.02213 1970
   30    1    1    1    1   30    1    1    1    1  7.61970E+13 0.02424 2073
   31    1    1    1    1   31    1    1    1    1  7.32863E+13 0.02259 1993
   32    1    1    1    1   32    1    1    1    1  7.33055E+13 0.02378 1994
   33    1    1    1    1   33    1    1    1    1  7.14225E+13 0.02393 1937
   34    1    1    1    1   34    1    1    1    1  7.29675E+13 0.02243 1980
   35    1    1    1    1   35    1    1    1    1  7.16626E+13 0.02424 1949
   36    1    1    1    1   36    1    1    1    1  0.00000E+00 0.00000 0
   37    1    1    1    1   37    1    1    1    1  0.00000E+00 0.00000 0
   38    1    1    1    1   38    1    1    1    1  7.24440E+13 0.02302 1969
   39    1    1    1    1   39    1    1    1    1  7.73093E+13 0.02241 2097
   40    1    1    1    1   40    1    1    1    1  7.15187E+13 0.02406 1938
   41    1    1    1    1   41    1    1    1    1  7.65366E+13 0.02191 2078
   42    1    1    1    1   42    1    1    1    1  7.23540E+13 0.02287 1963
   43    1    1    1    1   43    1    1    1    1  7.44929E+13 0.02491 2024
   44    1    1    1    1   44    1    1    1    1  7.45660E+13 0.02237 2023
   45    1    1    1    1   45    1    1    1    1  7.27001E+13 0.02361 1977
   46    1    1    1    1   46    1    1    1    1  7.48652E+13 0.02388 2028
   47    1    1    1    1   47    1    1    1    1  7.05949E+13 0.02490 1907
   48    1    1    1    1   48    1    1    1    1  0.00000E+00 0.00000 0
   49    1    1    1    1   49    1    1    1    1  0.00000E+00 0.00000 0
   50    1    1    1    1   50    1    1    1    1  7.40754E+13 0.02172 2012
   51    1    1    1    1   51    1    1    1    1  7.50685E+13 0.02289 2033
   52    1    1    1    1   52    1    1    1    1  7.44523E+13 0.02305 2020
   53    1    1    1    1   53    1    1    1    1  7.36656E+13 0.02227 2005
   54    1    1    1    1   54    1    1    1    1  6.99153E+13 0.02363 1910
   55    1    1    1    1   55    1    1    1    1  7.27149E+13 0.02356 1981
   56    1    1    1    1   56    1    1    1    1  7.40924E+13 0.02322 2014
   57    1    1    1    1   57    1    1    1    1  6.91219E+13 0.02355 1878
   58    1    1    1    1   58    1    1    1    1  7.09682E+13 0.02175 1921
   59    1    1    1    1   59    1    1    1    1  7.35969E+13 0.02372 2008
   60    1    1    1    1   60    1    1    1    1  0.00000E+00 0.00000 0
   61    1    1    1    1   61    1    1    1    1  0.00000E+00 0.00000 0
   62    1    1    1    1   62    1    1    1    1  7.26751E+13 0.02388 1972
   63    1    1    1    1   63    1    1    1    1  7.66239E+13 0.02209 2084
   64    1    1    1    1   64    1    1    1    1  6.98713E+13 0.02325 1908
   65    1    1    1    1   65    1    1    1    1  7.27285E+13 0.02412 1982
   66    1    1    1    1   66    1    1    1    1  0.00000E+00 0.00000 0
   67    1    1    1    1   67    1    1    1    1  0.00000E+00 0.00000 0
   68    1    1    1    1   68    1    1    1    1  0.00000E+00 0.00000 0
   69    1    1    1    1   69    1    1    1    1  6.78539E+13 0.02468 1837
   70    1    1    1    1   70    1    1    1    1  7.00038E+13 0.02341 1909
   71    1    1    1    1   71    1    1    1    1  7.37625E+13 0.02452 2013
   72    1    1    1    1   72    1    1    1    1  0.00000E+00 0.00000 0
   73    1    1    1    1   73    1    1    1    1  0.00000E+00 0.00000 0
   74    1    1    1    1   74    1    1    1    1  6.87333E+13 0.02352 1864
   75    1    1    1    1   75    1    1    1    1  7.37869E+13 0.02366 2011
   76    1    1    1    1   76    1    1    1    1  7.43561E+13 0.02307 2025
   77    1    1    1    1   77    1    1    1    1  6.88235E+13 0.02452 1867
   78    1    1    1    1   78    1    1    1    1  0.00000E+00 0.00000 0
   79    1    1    1    1   79    1    1    1    1  0.00000E+00 0.00000 0
   80    1    1    1    1   80    1    1    1    1  0.00000E+00 0.00000 0
   81    1    1    1    1   81    1    1    1    1  7.34082E+13 0.02268 1993
   82    1    1    1    1   82    1    1    1    1  7.34493E+13 0.02374 1993
   83    1    1    1    1   83    1    1    1    1  7.20379E+13 0.02537 1967
   84    1    1    1    1   84    1    1    1    1  0.00000E+00 0.00000 0
   85    1    1    1    1   85    1    1    1    1  0.00000E+00 0.00000 0
   86    1    1    1    1   86    1    1    1    1  7.41989E+13 0.02420 2006
   87    1    1    1    1   87    1    1    1    1  7.32825E+13 0.02286 1980
   88    1    1    1    1   88    1    1    1    1  7.38987E+13 0.02293 2007
   89    1    1    1    1   89    1    1    1    1  7.28004E+13 0.02481 1981
   90    1    1    1    1   90    1    1    1    1  0.00000E+00 0.00000 0
   91    1    1    1    1   91    1    1    1    1  0.00000E+00 0.00000 0
   92    1    1    1    1   92    1    1    1    1  0.00000E+00 0.00000 0
   93    1    1    1    1   93    1    1    1    1  7.05252E+13 0.02355 1917
   94    1    1    1    1   94    1    1    1    1  7.58461E+13 0.02212 2056
   95    1    1    1    1   95    1    1    1    1  7.23635E+13 0.02286 1959
   96    1    1    1    1   96    1    1    1    1  0.00000E+00 0.00000 0
   97    1    1    1    1   97    1    1    1    1  0.00000E+00 0.00000 0
   98    1    1    1    1   98    1    1    1    1  7.00314E+13 0.02464 1901
