
ZAI = [
70140
70150
922340
922350
922360
922380
942380
942390
942400
942410
942420
952410
952421
952430
962420
962440
666
0
];

NAMES = [
'N14             '
'N15             '
'U234            '
'U235            '
'U236            '
'U238            '
'Pu238           '
'Pu239           '
'Pu240           '
'Pu241           '
'Pu242           '
'Am241           '
'Am242m          '
'Am243           '
'Cm242           '
'Cm244           '
'lost            '
'total           '
];

i70140  = 1; iN14              = 1;
i70150  = 2; iN15              = 2;
i922340 = 3; iU234             = 3;
i922350 = 4; iU235             = 4;
i922360 = 5; iU236             = 5;
i922380 = 6; iU238             = 6;
i942380 = 7; iPu238            = 7;
i942390 = 8; iPu239            = 8;
i942400 = 9; iPu240            = 9;
i942410 = 10; iPu241            = 10;
i942420 = 11; iPu242            = 11;
i952410 = 12; iAm241            = 12;
i952421 = 13; iAm242m           = 13;
i952430 = 14; iAm243            = 14;
i962420 = 15; iCm242            = 15;
i962440 = 16; iCm244            = 16;
iLOST    = 17;
iTOT     = 18;

MAT_fuel_VOLUME = [ 4.34730E+06 4.34730E+06 4.34730E+06 4.34730E+06 4.34730E+06 4.34730E+06 4.34730E+06 4.34730E+06 4.34730E+06 4.34730E+06 4.34730E+06 4.34730E+06 4.34730E+06 4.34730E+06 4.34730E+06 4.34730E+06 ];

MAT_fuel_BURNUP = [ 0.00000E+00 1.00005E-01 5.00022E-01 1.17907E+01 2.30712E+01 3.43618E+01 4.56421E+01 5.69324E+01 6.82130E+01 7.95034E+01 9.07939E+01 1.02074E+02 1.13365E+02 1.24645E+02 1.35936E+02 1.58506E+02 ];

MAT_fuel_ADENS = [
0.00000E+00 1.28994E-18 3.22371E-17 1.81758E-14 7.03835E-14 1.57672E-13 2.80768E-13 4.40335E-13 6.36669E-13 8.70943E-13 1.14300E-12 1.45305E-12 1.80204E-12 2.18965E-12 2.61636E-12 3.58758E-12 % N14
0.00000E+00 1.04623E-11 4.89324E-11 1.38138E-09 2.66251E-09 3.78873E-09 5.12931E-09 6.25419E-09 7.29739E-09 8.63254E-09 9.81399E-09 1.09979E-08 1.22509E-08 1.35706E-08 1.47041E-08 1.71128E-08 % N15
0.00000E+00 9.48351E-09 4.73167E-08 1.11428E-06 2.27919E-06 3.56455E-06 4.94350E-06 6.38761E-06 7.86793E-06 9.36348E-06 1.08517E-05 1.23139E-05 1.37376E-05 1.51102E-05 1.64209E-05 1.88254E-05 % U234
0.00000E+00 5.08674E-10 2.57317E-09 7.12195E-08 1.59428E-07 2.67668E-07 3.95500E-07 5.43755E-07 7.10400E-07 8.94050E-07 1.09331E-06 1.30581E-06 1.52991E-06 1.76129E-06 2.00093E-06 2.49003E-06 % U235
0.00000E+00 9.62649E-10 4.77036E-09 1.14395E-07 2.24134E-07 3.32827E-07 4.45687E-07 5.58390E-07 6.73047E-07 7.93663E-07 9.15975E-07 1.04235E-06 1.17316E-06 1.30896E-06 1.44713E-06 1.73766E-06 % U236
1.95211E-02 1.95187E-02 1.95087E-02 1.92286E-02 1.89509E-02 1.86753E-02 1.84034E-02 1.81340E-02 1.78680E-02 1.76048E-02 1.73444E-02 1.70869E-02 1.68320E-02 1.65793E-02 1.63287E-02 1.58339E-02 % U238
1.21070E-04 1.20976E-04 1.20647E-04 1.29748E-04 1.49012E-04 1.67090E-04 1.82213E-04 1.94402E-04 2.03888E-04 2.10981E-04 2.15930E-04 2.18994E-04 2.20451E-04 2.20479E-04 2.19286E-04 2.13952E-04 % Pu238
1.79529E-03 1.79448E-03 1.79573E-03 1.84583E-03 1.88891E-03 1.92588E-03 1.95654E-03 1.98214E-03 2.00262E-03 2.01839E-03 2.03008E-03 2.03801E-03 2.04234E-03 2.04389E-03 2.04265E-03 2.03197E-03 % Pu239
8.23275E-04 8.23325E-04 8.23531E-04 8.30750E-04 8.40374E-04 8.51795E-04 8.64422E-04 8.78105E-04 8.92457E-04 9.07200E-04 9.22066E-04 9.37079E-04 9.51767E-04 9.66064E-04 9.79958E-04 1.00610E-03 % Pu240
4.46229E-04 4.45636E-04 4.43275E-04 3.82725E-04 3.32699E-04 2.91439E-04 2.57610E-04 2.29883E-04 2.07282E-04 1.88893E-04 1.74002E-04 1.61997E-04 1.52424E-04 1.44831E-04 1.38853E-04 1.30787E-04 % Pu241
2.73272E-04 2.73321E-04 2.73586E-04 2.80090E-04 2.84866E-04 2.88123E-04 2.90069E-04 2.90917E-04 2.90847E-04 2.89984E-04 2.88457E-04 2.86360E-04 2.83810E-04 2.80885E-04 2.77636E-04 2.70429E-04 % Pu242
6.04744E-04 6.04449E-04 6.03270E-04 5.69621E-04 5.35923E-04 5.02732E-04 4.70662E-04 4.39795E-04 4.10432E-04 3.82641E-04 3.56469E-04 3.31921E-04 3.08986E-04 2.87664E-04 2.67824E-04 2.32458E-04 % Am241
0.00000E+00 3.46372E-08 1.72406E-07 3.65310E-06 6.40911E-06 8.54786E-06 1.01540E-05 1.13265E-05 1.21343E-05 1.26432E-05 1.29094E-05 1.29811E-05 1.28957E-05 1.26875E-05 1.23844E-05 1.15852E-05 % Am242m
6.04744E-04 6.04358E-04 6.02835E-04 5.61490E-04 5.23368E-04 4.88189E-04 4.55884E-04 4.26042E-04 3.98555E-04 3.73173E-04 3.49748E-04 3.28123E-04 3.08053E-04 2.89483E-04 2.72223E-04 2.41291E-04 % Am243
0.00000E+00 2.40542E-07 1.48983E-06 1.68854E-05 1.85829E-05 1.79695E-05 1.69457E-05 1.59192E-05 1.49117E-05 1.39364E-05 1.30254E-05 1.21970E-05 1.13890E-05 1.06528E-05 9.97601E-06 8.77865E-06 % Cm242
0.00000E+00 3.72973E-07 1.88432E-06 4.11062E-05 7.40557E-05 1.01520E-04 1.24005E-04 1.42332E-04 1.56942E-04 1.68371E-04 1.77038E-04 1.83365E-04 1.87690E-04 1.90288E-04 1.91457E-04 1.90299E-04 % Cm244
0.00000E+00 0.00000E+00 0.00000E+00 0.00000E+00 0.00000E+00 0.00000E+00 0.00000E+00 0.00000E+00 0.00000E+00 0.00000E+00 0.00000E+00 0.00000E+00 0.00000E+00 0.00000E+00 0.00000E+00 0.00000E+00 % lost data
7.25693E-02 7.25718E-02 7.25820E-02 7.28882E-02 7.32073E-02 7.35287E-02 7.38494E-02 7.41695E-02 7.44884E-02 7.48065E-02 7.51234E-02 7.54389E-02 7.57534E-02 7.60665E-02 7.63786E-02 7.69994E-02 % total
];

