
ZAI = [
666
0
];

NAMES = [
'lost            '
'total           '
];

iLOST    = 1;
iTOT     = 2;

MAT_fuel_VOLUME = [ 2.44856E+06 2.44856E+06 ];

MAT_fuel_BURNUP = [ 0.00000E+00 5.00022E+00 ];

MAT_fuel_ADENS = [
0.00000E+00 0.00000E+00 % lost data
7.30872E-02 7.32161E-02 % total
];

MAT_fuel_MDENS = [
0.00000E+00 0.00000E+00 % lost data
1.09100E+01 1.09099E+01 % total
];

MAT_fuel_A = [
0.00000E+00 0.00000E+00 % lost data
4.81468E+11 1.43190E+20 % total
];

MAT_fuel_H = [
0.00000E+00 0.00000E+00 % lost data
3.44025E-01 4.11453E+07 % total
];

MAT_fuel_SF = [
0.00000E+00 0.00000E+00 % lost data
1.40921E+05 4.50206E+05 % total
];

MAT_fuel_GSRC = [
0.00000E+00 0.00000E+00 % lost data
3.05122E+11 1.56531E+20 % total
];

MAT_fuel_ING_TOX = [
0.00000E+00 0.00000E+00 % lost data
2.21129E+04 6.35988E+10 % total
];

MAT_fuel_INH_TOX = [
0.00000E+00 0.00000E+00 % lost data
3.96345E+06 1.27516E+11 % total
];

TOT_VOLUME = [ 2.44856E+06 2.44856E+06 ];

TOT_BURNUP = [ 0.00000E+00 5.00022E+00 ];

TOT_ADENS = [
0.00000E+00 0.00000E+00 % lost data
7.30872E-02 7.32161E-02 % total
];

TOT_MASS = [
0.00000E+00 0.00000E+00 % lost data
2.67138E+07 2.67136E+07 % total
];

TOT_A = [
0.00000E+00 0.00000E+00 % lost data
4.81468E+11 1.43190E+20 % total
];

TOT_H = [
0.00000E+00 0.00000E+00 % lost data
3.44025E-01 4.11453E+07 % total
];

TOT_SF = [
0.00000E+00 0.00000E+00 % lost data
1.40921E+05 4.50206E+05 % total
];

TOT_GSRC = [
0.00000E+00 0.00000E+00 % lost data
3.05122E+11 1.56531E+20 % total
];

TOT_ING_TOX = [
0.00000E+00 0.00000E+00 % lost data
2.21129E+04 6.35988E+10 % total
];

TOT_INH_TOX = [
0.00000E+00 0.00000E+00 % lost data
3.96345E+06 1.27516E+11 % total
];

BU = [ 0.00000E+00 5.00000E+00 ];

DAYS = [ 0.00000E+00 1.96208E+02 ];
