
DETflux_fuel = [
    1    1    1    1    1    1    1    1    1    1  2.33976E+15 0.00108 
];


DETflux_fuelE = [
 1.00000E-01  2.00000E+01  1.00500E+01
];
