
DETflux_fuel = [
    1    1    1    1    1    1    1    1    1    1  2.39798E+15 0.00100 
];


DETflux_fuelE = [
 1.00000E-01  2.00000E+01  1.00500E+01
];
