
DETflux_fuel = [
    1    1    1    1    1    1    1    1    1    1  6.54045E+14 0.00119 
];


DETflux_fuelE = [
 1.00000E-01  2.00000E+01  1.00500E+01
];
