
ZAI = [
666
0
];

NAMES = [
'lost            '
'total           '
];

iLOST    = 1;
iTOT     = 2;

MAT_fuel_VOLUME = [ 6.88652E+03 6.88652E+03 6.88652E+03 6.88652E+03 6.88652E+03 6.88652E+03 6.88652E+03 6.88652E+03 6.88652E+03 6.88652E+03 6.88652E+03 ];

MAT_fuel_BURNUP = [ 0.00000E+00 5.00031E+00 1.00006E+01 1.50010E+01 2.00013E+01 2.50017E+01 3.00020E+01 3.50023E+01 4.00027E+01 4.50031E+01 5.00034E+01 ];

MAT_fuel_ADENS = [
0.00000E+00 0.00000E+00 0.00000E+00 0.00000E+00 0.00000E+00 0.00000E+00 0.00000E+00 0.00000E+00 0.00000E+00 0.00000E+00 0.00000E+00 % lost data
9.27064E-02 9.28691E-02 9.30318E-02 9.31945E-02 9.33572E-02 9.35199E-02 9.36826E-02 9.38453E-02 9.40080E-02 9.41707E-02 9.43334E-02 % total
];

MAT_fuel_MDENS = [
0.00000E+00 0.00000E+00 0.00000E+00 0.00000E+00 0.00000E+00 0.00000E+00 0.00000E+00 0.00000E+00 0.00000E+00 0.00000E+00 0.00000E+00 % lost data
1.37800E+01 1.37796E+01 1.37793E+01 1.37789E+01 1.37786E+01 1.37782E+01 1.37778E+01 1.37775E+01 1.37771E+01 1.37768E+01 1.37764E+01 % total
];

MAT_fuel_A = [
0.00000E+00 0.00000E+00 0.00000E+00 0.00000E+00 0.00000E+00 0.00000E+00 0.00000E+00 0.00000E+00 0.00000E+00 0.00000E+00 0.00000E+00 % lost data
3.84380E+09 8.83182E+19 9.25317E+19 9.48041E+19 9.63195E+19 9.74555E+19 9.83689E+19 9.91305E+19 9.97913E+19 1.00376E+20 1.00891E+20 % total
];

MAT_fuel_H = [
0.00000E+00 0.00000E+00 0.00000E+00 0.00000E+00 0.00000E+00 0.00000E+00 0.00000E+00 0.00000E+00 0.00000E+00 0.00000E+00 0.00000E+00 % lost data
2.84721E-03 3.54077E+07 3.60237E+07 3.63160E+07 3.64951E+07 3.66245E+07 3.67261E+07 3.68064E+07 3.68771E+07 3.69356E+07 3.69891E+07 % total
];

MAT_fuel_SF = [
0.00000E+00 0.00000E+00 0.00000E+00 0.00000E+00 0.00000E+00 0.00000E+00 0.00000E+00 0.00000E+00 0.00000E+00 0.00000E+00 0.00000E+00 % lost data
2.85847E+02 3.57560E+02 5.83208E+02 9.45353E+02 1.43115E+03 2.02979E+03 2.73265E+03 3.53247E+03 4.42571E+03 5.40825E+03 6.47810E+03 % total
];

MAT_fuel_GSRC = [
0.00000E+00 0.00000E+00 0.00000E+00 0.00000E+00 0.00000E+00 0.00000E+00 0.00000E+00 0.00000E+00 0.00000E+00 0.00000E+00 0.00000E+00 % lost data
4.24206E+09 9.58126E+19 9.99090E+19 1.02372E+20 1.04110E+20 1.05450E+20 1.06540E+20 1.07451E+20 1.08233E+20 1.08918E+20 1.09514E+20 % total
];

MAT_fuel_ING_TOX = [
0.00000E+00 0.00000E+00 0.00000E+00 0.00000E+00 0.00000E+00 0.00000E+00 0.00000E+00 0.00000E+00 0.00000E+00 0.00000E+00 0.00000E+00 % lost data
1.79613E+02 1.11587E+10 1.58309E+10 1.88618E+10 2.11074E+10 2.29014E+10 2.44080E+10 2.57180E+10 2.68836E+10 2.79399E+10 2.89051E+10 % total
];

MAT_fuel_INH_TOX = [
0.00000E+00 0.00000E+00 0.00000E+00 0.00000E+00 0.00000E+00 0.00000E+00 0.00000E+00 0.00000E+00 0.00000E+00 0.00000E+00 0.00000E+00 % lost data
3.24108E+04 5.71793E+09 8.61690E+09 1.07854E+10 1.25754E+10 1.41289E+10 1.55195E+10 1.67904E+10 1.79684E+10 1.90732E+10 2.01145E+10 % total
];

TOT_VOLUME = [ 6.88652E+03 6.88652E+03 6.88652E+03 6.88652E+03 6.88652E+03 6.88652E+03 6.88652E+03 6.88652E+03 6.88652E+03 6.88652E+03 6.88652E+03 ];

TOT_BURNUP = [ 0.00000E+00 5.00031E+00 1.00006E+01 1.50010E+01 2.00013E+01 2.50017E+01 3.00020E+01 3.50023E+01 4.00027E+01 4.50031E+01 5.00034E+01 ];

TOT_ADENS = [
0.00000E+00 0.00000E+00 0.00000E+00 0.00000E+00 0.00000E+00 0.00000E+00 0.00000E+00 0.00000E+00 0.00000E+00 0.00000E+00 0.00000E+00 % lost data
9.27064E-02 9.28691E-02 9.30318E-02 9.31945E-02 9.33572E-02 9.35199E-02 9.36826E-02 9.38453E-02 9.40080E-02 9.41707E-02 9.43334E-02 % total
];

TOT_MASS = [
0.00000E+00 0.00000E+00 0.00000E+00 0.00000E+00 0.00000E+00 0.00000E+00 0.00000E+00 0.00000E+00 0.00000E+00 0.00000E+00 0.00000E+00 % lost data
9.48962E+04 9.48937E+04 9.48913E+04 9.48888E+04 9.48863E+04 9.48838E+04 9.48814E+04 9.48789E+04 9.48765E+04 9.48741E+04 9.48716E+04 % total
];

TOT_A = [
0.00000E+00 0.00000E+00 0.00000E+00 0.00000E+00 0.00000E+00 0.00000E+00 0.00000E+00 0.00000E+00 0.00000E+00 0.00000E+00 0.00000E+00 % lost data
3.84380E+09 8.83182E+19 9.25317E+19 9.48041E+19 9.63195E+19 9.74555E+19 9.83689E+19 9.91305E+19 9.97913E+19 1.00376E+20 1.00891E+20 % total
];

TOT_H = [
0.00000E+00 0.00000E+00 0.00000E+00 0.00000E+00 0.00000E+00 0.00000E+00 0.00000E+00 0.00000E+00 0.00000E+00 0.00000E+00 0.00000E+00 % lost data
2.84721E-03 3.54077E+07 3.60237E+07 3.63160E+07 3.64951E+07 3.66245E+07 3.67261E+07 3.68064E+07 3.68771E+07 3.69356E+07 3.69891E+07 % total
];

TOT_SF = [
0.00000E+00 0.00000E+00 0.00000E+00 0.00000E+00 0.00000E+00 0.00000E+00 0.00000E+00 0.00000E+00 0.00000E+00 0.00000E+00 0.00000E+00 % lost data
2.85847E+02 3.57560E+02 5.83208E+02 9.45353E+02 1.43115E+03 2.02979E+03 2.73265E+03 3.53247E+03 4.42571E+03 5.40825E+03 6.47810E+03 % total
];

TOT_GSRC = [
0.00000E+00 0.00000E+00 0.00000E+00 0.00000E+00 0.00000E+00 0.00000E+00 0.00000E+00 0.00000E+00 0.00000E+00 0.00000E+00 0.00000E+00 % lost data
4.24206E+09 9.58126E+19 9.99090E+19 1.02372E+20 1.04110E+20 1.05450E+20 1.06540E+20 1.07451E+20 1.08233E+20 1.08918E+20 1.09514E+20 % total
];

TOT_ING_TOX = [
0.00000E+00 0.00000E+00 0.00000E+00 0.00000E+00 0.00000E+00 0.00000E+00 0.00000E+00 0.00000E+00 0.00000E+00 0.00000E+00 0.00000E+00 % lost data
1.79613E+02 1.11587E+10 1.58309E+10 1.88618E+10 2.11074E+10 2.29014E+10 2.44080E+10 2.57180E+10 2.68836E+10 2.79399E+10 2.89051E+10 % total
];

TOT_INH_TOX = [
0.00000E+00 0.00000E+00 0.00000E+00 0.00000E+00 0.00000E+00 0.00000E+00 0.00000E+00 0.00000E+00 0.00000E+00 0.00000E+00 0.00000E+00 % lost data
3.24108E+04 5.71793E+09 8.61690E+09 1.07854E+10 1.25754E+10 1.41289E+10 1.55195E+10 1.67904E+10 1.79684E+10 1.90732E+10 2.01145E+10 % total
];

BU = [ 0.00000E+00 5.00000E+00 1.00000E+01 1.50000E+01 2.00000E+01 2.50000E+01 3.00000E+01 3.50000E+01 4.00000E+01 4.50000E+01 5.00000E+01 ];

DAYS = [ 0.00000E+00 6.96597E-01 1.39319E+00 2.08979E+00 2.78639E+00 3.48298E+00 4.17958E+00 4.87618E+00 5.57277E+00 6.26937E+00 6.96597E+00 ];
