
ZAI = [
70140
70150
922340
922350
922360
922380
942380
942390
942400
942410
942420
952410
952421
952430
962420
962440
666
0
];

NAMES = [
'N14             '
'N15             '
'U234            '
'U235            '
'U236            '
'U238            '
'Pu238           '
'Pu239           '
'Pu240           '
'Pu241           '
'Pu242           '
'Am241           '
'Am242m          '
'Am243           '
'Cm242           '
'Cm244           '
'lost            '
'total           '
];

i70140  = 1; iN14              = 1;
i70150  = 2; iN15              = 2;
i922340 = 3; iU234             = 3;
i922350 = 4; iU235             = 4;
i922360 = 5; iU236             = 5;
i922380 = 6; iU238             = 6;
i942380 = 7; iPu238            = 7;
i942390 = 8; iPu239            = 8;
i942400 = 9; iPu240            = 9;
i942410 = 10; iPu241            = 10;
i942420 = 11; iPu242            = 11;
i952410 = 12; iAm241            = 12;
i952421 = 13; iAm242m           = 13;
i952430 = 14; iAm243            = 14;
i962420 = 15; iCm242            = 15;
i962440 = 16; iCm244            = 16;
iLOST    = 17;
iTOT     = 18;

MAT_fuel_VOLUME = [ 4.34730E+06 4.34730E+06 4.34730E+06 4.34730E+06 4.34730E+06 4.34730E+06 4.34730E+06 4.34730E+06 4.34730E+06 4.34730E+06 4.34730E+06 4.34730E+06 4.34730E+06 4.34730E+06 4.34730E+06 4.34730E+06 ];

MAT_fuel_BURNUP = [ 0.00000E+00 1.00004E-01 5.00020E-01 1.17905E+01 2.30710E+01 3.43616E+01 4.56423E+01 5.69329E+01 6.82133E+01 7.95038E+01 9.07943E+01 1.02075E+02 1.13365E+02 1.24645E+02 1.35936E+02 1.58507E+02 ];

MAT_fuel_ADENS = [
0.00000E+00 1.29280E-18 3.23390E-17 1.82015E-14 7.05322E-14 1.58019E-13 2.81252E-13 4.41250E-13 6.38084E-13 8.72851E-13 1.14534E-12 1.45601E-12 1.80573E-12 2.19390E-12 2.62171E-12 3.59483E-12 % N14
0.00000E+00 1.08357E-11 5.68323E-11 1.32821E-09 2.61603E-09 3.83862E-09 5.00462E-09 6.38962E-09 7.58507E-09 8.89612E-09 9.91608E-09 1.10829E-08 1.23147E-08 1.34587E-08 1.46948E-08 1.69529E-08 % N15
0.00000E+00 9.28464E-09 4.63227E-08 1.09252E-06 2.24176E-06 3.51476E-06 4.88307E-06 6.31784E-06 7.78890E-06 9.27397E-06 1.07525E-05 1.22047E-05 1.36193E-05 1.49799E-05 1.62777E-05 1.86545E-05 % U234
0.00000E+00 4.98034E-10 2.52000E-09 7.00319E-08 1.56996E-07 2.64471E-07 3.91812E-07 5.39173E-07 7.04874E-07 8.88827E-07 1.08692E-06 1.29803E-06 1.51923E-06 1.74980E-06 1.98870E-06 2.47717E-06 % U235
0.00000E+00 9.49825E-10 4.76798E-09 1.11964E-07 2.19463E-07 3.27162E-07 4.36061E-07 5.49353E-07 6.63588E-07 7.82127E-07 9.01445E-07 1.02608E-06 1.15552E-06 1.28843E-06 1.42663E-06 1.71393E-06 % U236
1.95941E-02 1.95915E-02 1.95813E-02 1.92950E-02 1.90113E-02 1.87315E-02 1.84555E-02 1.81828E-02 1.79135E-02 1.76473E-02 1.73846E-02 1.71253E-02 1.68683E-02 1.66140E-02 1.63619E-02 1.58642E-02 % U238
1.18532E-04 1.18438E-04 1.18113E-04 1.27644E-04 1.47421E-04 1.65784E-04 1.81068E-04 1.93279E-04 2.02749E-04 2.09787E-04 2.14649E-04 2.17598E-04 2.18926E-04 2.18836E-04 2.17531E-04 2.12029E-04 % Pu238
1.75766E-03 1.75687E-03 1.75833E-03 1.81403E-03 1.86261E-03 1.90336E-03 1.93747E-03 1.96575E-03 1.98894E-03 2.00699E-03 2.02040E-03 2.02971E-03 2.03546E-03 2.03792E-03 2.03744E-03 2.02857E-03 % Pu239
8.06018E-04 8.06071E-04 8.06288E-04 8.13889E-04 8.23825E-04 8.35603E-04 8.48766E-04 8.62919E-04 8.77652E-04 8.92946E-04 9.08318E-04 9.23580E-04 9.38845E-04 9.53705E-04 9.68128E-04 9.95307E-04 % Pu240
4.36875E-04 4.36288E-04 4.33949E-04 3.74006E-04 3.24793E-04 2.84353E-04 2.51290E-04 2.24235E-04 2.02277E-04 1.84481E-04 1.70102E-04 1.58541E-04 1.49294E-04 1.42027E-04 1.36308E-04 1.28622E-04 % Pu241
2.67544E-04 2.67595E-04 2.67867E-04 2.74523E-04 2.79386E-04 2.82689E-04 2.84686E-04 2.85561E-04 2.85496E-04 2.84659E-04 2.83161E-04 2.81122E-04 2.78625E-04 2.75755E-04 2.72558E-04 2.65423E-04 % Pu242
6.04756E-04 6.04446E-04 6.03205E-04 5.68024E-04 5.33226E-04 4.99308E-04 4.66669E-04 4.35477E-04 4.05886E-04 3.77909E-04 3.51717E-04 3.27268E-04 3.04433E-04 2.83205E-04 2.63552E-04 2.28536E-04 % Am241
0.00000E+00 3.54303E-08 1.76431E-07 3.72174E-06 6.50023E-06 8.63306E-06 1.02250E-05 1.13710E-05 1.21529E-05 1.26395E-05 1.28810E-05 1.29283E-05 1.28236E-05 1.25998E-05 1.22833E-05 1.14659E-05 % Am242m
6.04756E-04 6.04361E-04 6.02798E-04 5.60528E-04 5.21751E-04 4.86137E-04 4.53474E-04 4.23446E-04 3.95832E-04 3.70353E-04 3.46876E-04 3.25246E-04 3.05193E-04 2.86614E-04 2.69415E-04 2.38667E-04 % Am243
0.00000E+00 2.46106E-07 1.52462E-06 1.72216E-05 1.88432E-05 1.81192E-05 1.70348E-05 1.59424E-05 1.48913E-05 1.39203E-05 1.29683E-05 1.20916E-05 1.12883E-05 1.05641E-05 9.86167E-06 8.65944E-06 % Cm242
0.00000E+00 3.81522E-07 1.92925E-06 4.19583E-05 7.53621E-05 1.02986E-04 1.25536E-04 1.43758E-04 1.58242E-04 1.69559E-04 1.78045E-04 1.84141E-04 1.88257E-04 1.90710E-04 1.91659E-04 1.90119E-04 % Cm244
0.00000E+00 0.00000E+00 0.00000E+00 0.00000E+00 0.00000E+00 0.00000E+00 0.00000E+00 0.00000E+00 0.00000E+00 0.00000E+00 0.00000E+00 0.00000E+00 0.00000E+00 0.00000E+00 0.00000E+00 0.00000E+00 % lost data
7.25707E-02 7.25732E-02 7.25834E-02 7.28904E-02 7.32101E-02 7.35318E-02 7.38528E-02 7.41731E-02 7.44921E-02 7.48102E-02 7.51271E-02 7.54425E-02 7.57569E-02 7.60697E-02 7.63817E-02 7.70019E-02 % total
];

