
ZAI = [
666
0
];

NAMES = [
'lost            '
'total           '
];

iLOST    = 1;
iTOT     = 2;

MAT_fuel_VOLUME = [ 6.88652E+03 6.88652E+03 6.88652E+03 6.88652E+03 6.88652E+03 6.88652E+03 6.88652E+03 6.88652E+03 6.88652E+03 6.88652E+03 6.88652E+03 ];

MAT_fuel_BURNUP = [ 0.00000E+00 5.00040E+00 1.00009E+01 1.50013E+01 2.00017E+01 2.50022E+01 3.00025E+01 3.50029E+01 4.00033E+01 4.50036E+01 5.00040E+01 ];

MAT_fuel_ADENS = [
0.00000E+00 0.00000E+00 0.00000E+00 0.00000E+00 0.00000E+00 0.00000E+00 0.00000E+00 0.00000E+00 0.00000E+00 0.00000E+00 0.00000E+00 % lost data
9.24476E-02 9.26104E-02 9.27732E-02 9.29360E-02 9.30988E-02 9.32616E-02 9.34244E-02 9.35871E-02 9.37499E-02 9.39126E-02 9.40752E-02 % total
];

MAT_fuel_MDENS = [
0.00000E+00 0.00000E+00 0.00000E+00 0.00000E+00 0.00000E+00 0.00000E+00 0.00000E+00 0.00000E+00 0.00000E+00 0.00000E+00 0.00000E+00 % lost data
1.37800E+01 1.37797E+01 1.37794E+01 1.37792E+01 1.37789E+01 1.37786E+01 1.37784E+01 1.37781E+01 1.37778E+01 1.37776E+01 1.37773E+01 % total
];

MAT_fuel_A = [
0.00000E+00 0.00000E+00 0.00000E+00 0.00000E+00 0.00000E+00 0.00000E+00 0.00000E+00 0.00000E+00 0.00000E+00 0.00000E+00 0.00000E+00 % lost data
2.43817E+09 9.45120E+19 9.96754E+19 1.02733E+20 1.04903E+20 1.06592E+20 1.07980E+20 1.09146E+20 1.10159E+20 1.11055E+20 1.11863E+20 % total
];

MAT_fuel_H = [
0.00000E+00 0.00000E+00 0.00000E+00 0.00000E+00 0.00000E+00 0.00000E+00 0.00000E+00 0.00000E+00 0.00000E+00 0.00000E+00 0.00000E+00 % lost data
1.77650E-03 3.61166E+07 3.68264E+07 3.71884E+07 3.74235E+07 3.75924E+07 3.77166E+07 3.78136E+07 3.78904E+07 3.79542E+07 3.79998E+07 % total
];

MAT_fuel_SF = [
0.00000E+00 0.00000E+00 0.00000E+00 0.00000E+00 0.00000E+00 0.00000E+00 0.00000E+00 0.00000E+00 0.00000E+00 0.00000E+00 0.00000E+00 % lost data
4.27335E+02 9.71553E+02 2.68611E+03 5.45293E+03 9.17646E+03 1.37755E+04 1.91986E+04 2.53978E+04 3.23281E+04 3.99712E+04 4.83349E+04 % total
];

MAT_fuel_GSRC = [
0.00000E+00 0.00000E+00 0.00000E+00 0.00000E+00 0.00000E+00 0.00000E+00 0.00000E+00 0.00000E+00 0.00000E+00 0.00000E+00 0.00000E+00 % lost data
2.16130E+09 1.00968E+20 1.06615E+20 1.10352E+20 1.13144E+20 1.15365E+20 1.17200E+20 1.18741E+20 1.20065E+20 1.21219E+20 1.22245E+20 % total
];

MAT_fuel_ING_TOX = [
0.00000E+00 0.00000E+00 0.00000E+00 0.00000E+00 0.00000E+00 0.00000E+00 0.00000E+00 0.00000E+00 0.00000E+00 0.00000E+00 0.00000E+00 % lost data
1.13029E+02 1.19409E+10 1.71765E+10 2.06659E+10 2.32847E+10 2.53849E+10 2.71474E+10 2.86703E+10 3.00166E+10 3.12256E+10 3.23279E+10 % total
];

MAT_fuel_INH_TOX = [
0.00000E+00 0.00000E+00 0.00000E+00 0.00000E+00 0.00000E+00 0.00000E+00 0.00000E+00 0.00000E+00 0.00000E+00 0.00000E+00 0.00000E+00 % lost data
2.03332E+04 6.67746E+09 1.03064E+10 1.30806E+10 1.53754E+10 1.73550E+10 1.91116E+10 2.06989E+10 2.21551E+10 2.35063E+10 2.47752E+10 % total
];

TOT_VOLUME = [ 6.88652E+03 6.88652E+03 6.88652E+03 6.88652E+03 6.88652E+03 6.88652E+03 6.88652E+03 6.88652E+03 6.88652E+03 6.88652E+03 6.88652E+03 ];

TOT_BURNUP = [ 0.00000E+00 5.00040E+00 1.00009E+01 1.50013E+01 2.00017E+01 2.50022E+01 3.00025E+01 3.50029E+01 4.00033E+01 4.50036E+01 5.00040E+01 ];

TOT_ADENS = [
0.00000E+00 0.00000E+00 0.00000E+00 0.00000E+00 0.00000E+00 0.00000E+00 0.00000E+00 0.00000E+00 0.00000E+00 0.00000E+00 0.00000E+00 % lost data
9.24476E-02 9.26104E-02 9.27732E-02 9.29360E-02 9.30988E-02 9.32616E-02 9.34244E-02 9.35871E-02 9.37499E-02 9.39126E-02 9.40752E-02 % total
];

TOT_MASS = [
0.00000E+00 0.00000E+00 0.00000E+00 0.00000E+00 0.00000E+00 0.00000E+00 0.00000E+00 0.00000E+00 0.00000E+00 0.00000E+00 0.00000E+00 % lost data
9.48962E+04 9.48943E+04 9.48924E+04 9.48905E+04 9.48886E+04 9.48867E+04 9.48849E+04 9.48831E+04 9.48813E+04 9.48795E+04 9.48777E+04 % total
];

TOT_A = [
0.00000E+00 0.00000E+00 0.00000E+00 0.00000E+00 0.00000E+00 0.00000E+00 0.00000E+00 0.00000E+00 0.00000E+00 0.00000E+00 0.00000E+00 % lost data
2.43817E+09 9.45120E+19 9.96754E+19 1.02733E+20 1.04903E+20 1.06592E+20 1.07980E+20 1.09146E+20 1.10159E+20 1.11055E+20 1.11863E+20 % total
];

TOT_H = [
0.00000E+00 0.00000E+00 0.00000E+00 0.00000E+00 0.00000E+00 0.00000E+00 0.00000E+00 0.00000E+00 0.00000E+00 0.00000E+00 0.00000E+00 % lost data
1.77650E-03 3.61166E+07 3.68264E+07 3.71884E+07 3.74235E+07 3.75924E+07 3.77166E+07 3.78136E+07 3.78904E+07 3.79542E+07 3.79998E+07 % total
];

TOT_SF = [
0.00000E+00 0.00000E+00 0.00000E+00 0.00000E+00 0.00000E+00 0.00000E+00 0.00000E+00 0.00000E+00 0.00000E+00 0.00000E+00 0.00000E+00 % lost data
4.27335E+02 9.71553E+02 2.68611E+03 5.45293E+03 9.17646E+03 1.37755E+04 1.91986E+04 2.53978E+04 3.23281E+04 3.99712E+04 4.83349E+04 % total
];

TOT_GSRC = [
0.00000E+00 0.00000E+00 0.00000E+00 0.00000E+00 0.00000E+00 0.00000E+00 0.00000E+00 0.00000E+00 0.00000E+00 0.00000E+00 0.00000E+00 % lost data
2.16130E+09 1.00968E+20 1.06615E+20 1.10352E+20 1.13144E+20 1.15365E+20 1.17200E+20 1.18741E+20 1.20065E+20 1.21219E+20 1.22245E+20 % total
];

TOT_ING_TOX = [
0.00000E+00 0.00000E+00 0.00000E+00 0.00000E+00 0.00000E+00 0.00000E+00 0.00000E+00 0.00000E+00 0.00000E+00 0.00000E+00 0.00000E+00 % lost data
1.13029E+02 1.19409E+10 1.71765E+10 2.06659E+10 2.32847E+10 2.53849E+10 2.71474E+10 2.86703E+10 3.00166E+10 3.12256E+10 3.23279E+10 % total
];

TOT_INH_TOX = [
0.00000E+00 0.00000E+00 0.00000E+00 0.00000E+00 0.00000E+00 0.00000E+00 0.00000E+00 0.00000E+00 0.00000E+00 0.00000E+00 0.00000E+00 % lost data
2.03332E+04 6.67746E+09 1.03064E+10 1.30806E+10 1.53754E+10 1.73550E+10 1.91116E+10 2.06989E+10 2.21551E+10 2.35063E+10 2.47752E+10 % total
];

BU = [ 0.00000E+00 5.00000E+00 1.00000E+01 1.50000E+01 2.00000E+01 2.50000E+01 3.00000E+01 3.50000E+01 4.00000E+01 4.50000E+01 5.00000E+01 ];

DAYS = [ 0.00000E+00 6.96860E-01 1.39372E+00 2.09058E+00 2.78744E+00 3.48430E+00 4.18116E+00 4.87802E+00 5.57488E+00 6.27174E+00 6.96860E+00 ];
