
ZAI = [
666
0
];

NAMES = [
'lost            '
'total           '
];

iLOST    = 1;
iTOT     = 2;

MAT_fuel_VOLUME = [ 1.03408E+04 1.03408E+04 1.03408E+04 1.03408E+04 1.03408E+04 1.03408E+04 1.03408E+04 1.03408E+04 1.03408E+04 1.03408E+04 1.03408E+04 ];

MAT_fuel_BURNUP = [ 0.00000E+00 5.00045E+00 1.00009E+01 1.50014E+01 2.00018E+01 2.50022E+01 3.00026E+01 3.50030E+01 4.00034E+01 4.50037E+01 5.00042E+01 ];

MAT_fuel_ADENS = [
0.00000E+00 0.00000E+00 0.00000E+00 0.00000E+00 0.00000E+00 0.00000E+00 0.00000E+00 0.00000E+00 0.00000E+00 0.00000E+00 0.00000E+00 % lost data
9.23445E-02 9.25075E-02 9.26704E-02 9.28333E-02 9.29962E-02 9.31591E-02 9.33218E-02 9.34846E-02 9.36472E-02 9.38098E-02 9.39722E-02 % total
];

MAT_fuel_MDENS = [
0.00000E+00 0.00000E+00 0.00000E+00 0.00000E+00 0.00000E+00 0.00000E+00 0.00000E+00 0.00000E+00 0.00000E+00 0.00000E+00 0.00000E+00 % lost data
1.37800E+01 1.37798E+01 1.37796E+01 1.37794E+01 1.37793E+01 1.37791E+01 1.37789E+01 1.37787E+01 1.37786E+01 1.37784E+01 1.37783E+01 % total
];

MAT_fuel_A = [
0.00000E+00 0.00000E+00 0.00000E+00 0.00000E+00 0.00000E+00 0.00000E+00 0.00000E+00 0.00000E+00 0.00000E+00 0.00000E+00 0.00000E+00 % lost data
2.82017E+09 1.05660E+20 1.12347E+20 1.16457E+20 1.19356E+20 1.21501E+20 1.23166E+20 1.24513E+20 1.25573E+20 1.26465E+20 1.27206E+20 % total
];

MAT_fuel_H = [
0.00000E+00 0.00000E+00 0.00000E+00 0.00000E+00 0.00000E+00 0.00000E+00 0.00000E+00 0.00000E+00 0.00000E+00 0.00000E+00 0.00000E+00 % lost data
2.02700E-03 3.73998E+07 3.82008E+07 3.86188E+07 3.88698E+07 3.90280E+07 3.91164E+07 3.91641E+07 3.91722E+07 3.91624E+07 3.91354E+07 % total
];

MAT_fuel_SF = [
0.00000E+00 0.00000E+00 0.00000E+00 0.00000E+00 0.00000E+00 0.00000E+00 0.00000E+00 0.00000E+00 0.00000E+00 0.00000E+00 0.00000E+00 % lost data
7.26339E+02 3.48603E+03 1.16181E+04 2.42665E+04 4.07505E+04 6.05502E+04 8.33403E+04 1.08843E+05 1.36901E+05 1.67411E+05 2.00422E+05 % total
];

MAT_fuel_GSRC = [
0.00000E+00 0.00000E+00 0.00000E+00 0.00000E+00 0.00000E+00 0.00000E+00 0.00000E+00 0.00000E+00 0.00000E+00 0.00000E+00 0.00000E+00 % lost data
2.00051E+09 1.11575E+20 1.20258E+20 1.25998E+20 1.30129E+20 1.33193E+20 1.35540E+20 1.37393E+20 1.38840E+20 1.40021E+20 1.40986E+20 % total
];

MAT_fuel_ING_TOX = [
0.00000E+00 0.00000E+00 0.00000E+00 0.00000E+00 0.00000E+00 0.00000E+00 0.00000E+00 0.00000E+00 0.00000E+00 0.00000E+00 0.00000E+00 % lost data
1.29888E+02 1.62366E+10 2.29297E+10 2.73043E+10 3.05315E+10 3.30697E+10 3.51571E+10 3.69280E+10 3.84559E+10 3.97992E+10 4.09930E+10 % total
];

MAT_fuel_INH_TOX = [
0.00000E+00 0.00000E+00 0.00000E+00 0.00000E+00 0.00000E+00 0.00000E+00 0.00000E+00 0.00000E+00 0.00000E+00 0.00000E+00 0.00000E+00 % lost data
2.33064E+04 1.03333E+10 1.59486E+10 2.01379E+10 2.34985E+10 2.63044E+10 2.87262E+10 3.08735E+10 3.28074E+10 3.45836E+10 3.62334E+10 % total
];

TOT_VOLUME = [ 1.03408E+04 1.03408E+04 1.03408E+04 1.03408E+04 1.03408E+04 1.03408E+04 1.03408E+04 1.03408E+04 1.03408E+04 1.03408E+04 1.03408E+04 ];

TOT_BURNUP = [ 0.00000E+00 5.00045E+00 1.00009E+01 1.50014E+01 2.00018E+01 2.50022E+01 3.00026E+01 3.50030E+01 4.00034E+01 4.50037E+01 5.00042E+01 ];

TOT_ADENS = [
0.00000E+00 0.00000E+00 0.00000E+00 0.00000E+00 0.00000E+00 0.00000E+00 0.00000E+00 0.00000E+00 0.00000E+00 0.00000E+00 0.00000E+00 % lost data
9.23445E-02 9.25075E-02 9.26704E-02 9.28333E-02 9.29962E-02 9.31591E-02 9.33218E-02 9.34846E-02 9.36472E-02 9.38098E-02 9.39722E-02 % total
];

TOT_MASS = [
0.00000E+00 0.00000E+00 0.00000E+00 0.00000E+00 0.00000E+00 0.00000E+00 0.00000E+00 0.00000E+00 0.00000E+00 0.00000E+00 0.00000E+00 % lost data
1.42497E+05 1.42495E+05 1.42493E+05 1.42491E+05 1.42489E+05 1.42487E+05 1.42485E+05 1.42484E+05 1.42482E+05 1.42480E+05 1.42479E+05 % total
];

TOT_A = [
0.00000E+00 0.00000E+00 0.00000E+00 0.00000E+00 0.00000E+00 0.00000E+00 0.00000E+00 0.00000E+00 0.00000E+00 0.00000E+00 0.00000E+00 % lost data
2.82017E+09 1.05660E+20 1.12347E+20 1.16457E+20 1.19356E+20 1.21501E+20 1.23166E+20 1.24513E+20 1.25573E+20 1.26465E+20 1.27206E+20 % total
];

TOT_H = [
0.00000E+00 0.00000E+00 0.00000E+00 0.00000E+00 0.00000E+00 0.00000E+00 0.00000E+00 0.00000E+00 0.00000E+00 0.00000E+00 0.00000E+00 % lost data
2.02700E-03 3.73998E+07 3.82008E+07 3.86188E+07 3.88698E+07 3.90280E+07 3.91164E+07 3.91641E+07 3.91722E+07 3.91624E+07 3.91354E+07 % total
];

TOT_SF = [
0.00000E+00 0.00000E+00 0.00000E+00 0.00000E+00 0.00000E+00 0.00000E+00 0.00000E+00 0.00000E+00 0.00000E+00 0.00000E+00 0.00000E+00 % lost data
7.26339E+02 3.48603E+03 1.16181E+04 2.42665E+04 4.07505E+04 6.05502E+04 8.33403E+04 1.08843E+05 1.36901E+05 1.67411E+05 2.00422E+05 % total
];

TOT_GSRC = [
0.00000E+00 0.00000E+00 0.00000E+00 0.00000E+00 0.00000E+00 0.00000E+00 0.00000E+00 0.00000E+00 0.00000E+00 0.00000E+00 0.00000E+00 % lost data
2.00051E+09 1.11575E+20 1.20258E+20 1.25998E+20 1.30129E+20 1.33193E+20 1.35540E+20 1.37393E+20 1.38840E+20 1.40021E+20 1.40986E+20 % total
];

TOT_ING_TOX = [
0.00000E+00 0.00000E+00 0.00000E+00 0.00000E+00 0.00000E+00 0.00000E+00 0.00000E+00 0.00000E+00 0.00000E+00 0.00000E+00 0.00000E+00 % lost data
1.29888E+02 1.62366E+10 2.29297E+10 2.73043E+10 3.05315E+10 3.30697E+10 3.51571E+10 3.69280E+10 3.84559E+10 3.97992E+10 4.09930E+10 % total
];

TOT_INH_TOX = [
0.00000E+00 0.00000E+00 0.00000E+00 0.00000E+00 0.00000E+00 0.00000E+00 0.00000E+00 0.00000E+00 0.00000E+00 0.00000E+00 0.00000E+00 % lost data
2.33064E+04 1.03333E+10 1.59486E+10 2.01379E+10 2.34985E+10 2.63044E+10 2.87262E+10 3.08735E+10 3.28074E+10 3.45836E+10 3.62334E+10 % total
];

BU = [ 0.00000E+00 5.00000E+00 1.00000E+01 1.50000E+01 2.00000E+01 2.50000E+01 3.00000E+01 3.50000E+01 4.00000E+01 4.50000E+01 5.00000E+01 ];

DAYS = [ 0.00000E+00 1.04656E+00 2.09313E+00 3.13969E+00 4.18626E+00 5.23282E+00 6.27939E+00 7.32595E+00 8.37252E+00 9.41908E+00 1.04656E+01 ];
