
ZAI = [
922340
922350
922360
922380
942380
942390
942400
942410
942420
952410
952421
952430
962420
962440
531330
531310
541330
541350
666
0
];

NAMES = [
'U234            '
'U235            '
'U236            '
'U238            '
'Pu238           '
'Pu239           '
'Pu240           '
'Pu241           '
'Pu242           '
'Am241           '
'Am242m          '
'Am243           '
'Cm242           '
'Cm244           '
'I133            '
'I131            '
'Xe133           '
'Xe135           '
'lost            '
'total           '
];

i922340 = 1; iU234             = 1;
i922350 = 2; iU235             = 2;
i922360 = 3; iU236             = 3;
i922380 = 4; iU238             = 4;
i942380 = 5; iPu238            = 5;
i942390 = 6; iPu239            = 6;
i942400 = 7; iPu240            = 7;
i942410 = 8; iPu241            = 8;
i942420 = 9; iPu242            = 9;
i952410 = 10; iAm241            = 10;
i952421 = 11; iAm242m           = 11;
i952430 = 12; iAm243            = 12;
i962420 = 13; iCm242            = 13;
i962440 = 14; iCm244            = 14;
i531330 = 15; iI133             = 15;
i531310 = 16; iI131             = 16;
i541330 = 17; iXe133            = 17;
i541350 = 18; iXe135            = 18;
iLOST    = 19;
iTOT     = 20;

MAT_fuel_VOLUME = [ 2.44317E+06 2.44317E+06 2.44317E+06 2.44317E+06 2.44317E+06 2.44317E+06 2.44317E+06 2.44317E+06 2.44317E+06 2.44317E+06 2.44317E+06 ];

MAT_fuel_BURNUP = [ 0.00000E+00 5.00022E+00 1.00004E+01 1.50007E+01 2.00009E+01 2.50011E+01 3.00013E+01 3.50015E+01 4.00016E+01 4.50018E+01 5.00019E+01 ];

MAT_fuel_ADENS = [
0.00000E+00 5.28675E-08 1.03109E-07 1.50736E-07 1.96290E-07 2.39729E-07 2.80958E-07 3.20562E-07 3.59012E-07 3.96305E-07 4.32697E-07 % U234
2.92349E-03 2.78349E-03 2.64908E-03 2.52007E-03 2.39630E-03 2.27768E-03 2.16403E-03 2.05520E-03 1.95111E-03 1.85159E-03 1.75645E-03 % U235
0.00000E+00 3.06392E-05 5.97628E-05 8.74181E-05 1.13667E-04 1.38520E-04 1.62040E-04 1.84261E-04 2.05203E-04 2.24917E-04 2.43458E-04 % U236
2.14389E-02 2.13037E-02 2.11681E-02 2.10321E-02 2.08956E-02 2.07589E-02 2.06218E-02 2.04845E-02 2.03470E-02 2.02093E-02 2.00714E-02 % U238
0.00000E+00 8.14616E-09 3.89932E-08 9.88788E-08 1.93483E-07 3.27809E-07 5.06144E-07 7.32015E-07 1.00885E-06 1.33920E-06 1.72563E-06 % Pu238
0.00000E+00 1.13376E-04 2.23882E-04 3.29629E-04 4.30775E-04 5.27408E-04 6.19630E-04 7.07599E-04 7.91326E-04 8.71005E-04 9.46779E-04 % Pu239
0.00000E+00 6.40366E-07 2.40108E-06 5.22343E-06 9.05814E-06 1.38444E-05 1.95480E-05 2.61145E-05 3.34989E-05 4.16440E-05 5.05270E-05 % Pu240
0.00000E+00 3.98700E-09 2.79784E-08 8.35825E-08 1.77977E-07 3.19817E-07 5.09910E-07 7.51671E-07 1.05196E-06 1.41519E-06 1.83976E-06 % Pu241
0.00000E+00 1.02806E-11 1.44628E-10 6.66104E-10 1.93136E-09 4.38147E-09 8.51308E-09 1.48583E-08 2.39927E-08 3.65801E-08 5.32791E-08 % Pu242
0.00000E+00 2.70062E-11 3.75185E-10 1.70349E-09 4.86498E-09 1.08777E-08 2.08160E-08 3.57916E-08 5.69463E-08 8.55403E-08 1.22782E-07 % Am241
0.00000E+00 1.71937E-14 4.71315E-13 3.22403E-12 1.23401E-11 3.44688E-11 7.90781E-11 1.58496E-10 2.87613E-10 4.84205E-10 7.69026E-10 % Am242m
0.00000E+00 2.61119E-14 7.30883E-13 5.06673E-12 1.98963E-11 5.68599E-11 1.33295E-10 2.71522E-10 5.03084E-10 8.60281E-10 1.38973E-09 % Am243
0.00000E+00 1.39599E-13 3.45858E-12 2.14031E-11 7.45530E-11 1.90995E-10 4.04700E-10 7.54395E-10 1.27941E-09 2.02410E-09 3.03698E-09 % Cm242
0.00000E+00 1.58728E-16 8.82369E-15 9.26089E-14 4.82711E-13 1.73326E-12 4.88343E-12 1.16646E-11 2.46548E-11 4.75984E-11 8.54810E-11 % Cm244
0.00000E+00 5.37853E-08 5.38418E-08 5.38958E-08 5.39473E-08 5.39973E-08 5.40471E-08 5.40946E-08 5.41403E-08 5.41841E-08 5.42273E-08 % I133
0.00000E+00 2.35027E-07 2.36894E-07 2.38701E-07 2.40456E-07 2.42165E-07 2.43832E-07 2.45425E-07 2.47005E-07 2.48530E-07 2.49992E-07 % I131
0.00000E+00 3.25953E-07 3.26652E-07 3.27345E-07 3.28027E-07 3.28705E-07 3.29388E-07 3.30064E-07 3.30736E-07 3.31403E-07 3.32070E-07 % Xe133
0.00000E+00 2.33690E-08 2.34740E-08 2.35769E-08 2.36768E-08 2.37750E-08 2.38716E-08 2.39669E-08 2.40586E-08 2.41491E-08 2.42384E-08 % Xe135
0.00000E+00 0.00000E+00 0.00000E+00 0.00000E+00 0.00000E+00 0.00000E+00 0.00000E+00 0.00000E+00 0.00000E+00 0.00000E+00 0.00000E+00 % lost data
7.30872E-02 7.32161E-02 7.33449E-02 7.34736E-02 7.36022E-02 7.37307E-02 7.38591E-02 7.39874E-02 7.41156E-02 7.42437E-02 7.43717E-02 % total
];

MAT_fuel_MDENS = [
0.00000E+00 2.05464E-05 4.00724E-05 5.85820E-05 7.62860E-05 9.31682E-05 1.09192E-04 1.24583E-04 1.39526E-04 1.54020E-04 1.68163E-04 % U234
1.14106E+00 1.08642E+00 1.03395E+00 9.83600E-01 9.35291E-01 8.88994E-01 8.44636E-01 8.02159E-01 7.61532E-01 7.22688E-01 6.85553E-01 % U235
0.00000E+00 1.20096E-02 2.34252E-02 3.42652E-02 4.45541E-02 5.42955E-02 6.35147E-02 7.22245E-02 8.04331E-02 8.81605E-02 9.54280E-02 % U236
8.47478E+00 8.42134E+00 8.36773E+00 8.31395E+00 8.26003E+00 8.20596E+00 8.15179E+00 8.09750E+00 8.04315E+00 7.98871E+00 7.93422E+00 % U238
0.00000E+00 3.22016E-06 1.54139E-05 3.90866E-05 7.64833E-05 1.29582E-04 2.00078E-04 2.89364E-04 3.98797E-04 5.29383E-04 6.82139E-04 % Pu238
0.00000E+00 4.50059E-02 8.88724E-02 1.30850E-01 1.71001E-01 2.09361E-01 2.45969E-01 2.80889E-01 3.14126E-01 3.45755E-01 3.75835E-01 % Pu239
0.00000E+00 2.55266E-04 9.57131E-04 2.08219E-03 3.61080E-03 5.51871E-03 7.79234E-03 1.04099E-02 1.33535E-02 1.66004E-02 2.01413E-02 % Pu240
0.00000E+00 1.59596E-06 1.11995E-05 3.34573E-05 7.12425E-05 1.28020E-04 2.04112E-04 3.00887E-04 4.21091E-04 5.66488E-04 7.36439E-04 % Pu241
0.00000E+00 4.13233E-09 5.81337E-08 2.67743E-07 7.76317E-07 1.76115E-06 3.42187E-06 5.97237E-06 9.64395E-06 1.47035E-05 2.14157E-05 % Pu242
0.00000E+00 1.08103E-08 1.50183E-07 6.81891E-07 1.94741E-06 4.35425E-06 8.33246E-06 1.43270E-05 2.27951E-05 3.42410E-05 4.91485E-05 % Am241
0.00000E+00 6.91110E-12 1.89448E-10 1.29592E-09 4.96017E-09 1.38549E-08 3.17859E-08 6.37082E-08 1.15608E-07 1.94629E-07 3.09114E-07 % Am242m
0.00000E+00 1.05393E-11 2.94998E-10 2.04503E-09 8.03054E-09 2.29497E-08 5.38005E-08 1.09591E-07 2.03054E-07 3.47226E-07 5.60922E-07 % Am243
0.00000E+00 5.61124E-11 1.39019E-09 8.60306E-09 2.99669E-08 7.67710E-08 1.62671E-07 3.03232E-07 5.14263E-07 8.13596E-07 1.22073E-06 % Cm242
0.00000E+00 6.43294E-14 3.57608E-12 3.75327E-11 1.95634E-10 7.02460E-10 1.97917E-09 4.72744E-09 9.99216E-09 1.92908E-08 3.46439E-08 % Cm244
0.00000E+00 1.18705E-05 1.18830E-05 1.18949E-05 1.19063E-05 1.19173E-05 1.19283E-05 1.19388E-05 1.19489E-05 1.19585E-05 1.19681E-05 % I133
0.00000E+00 5.10899E-05 5.14958E-05 5.18887E-05 5.22700E-05 5.26416E-05 5.30039E-05 5.33502E-05 5.36937E-05 5.40251E-05 5.43430E-05 % I131
0.00000E+00 7.19373E-05 7.20916E-05 7.22446E-05 7.23952E-05 7.25448E-05 7.26956E-05 7.28447E-05 7.29931E-05 7.31403E-05 7.32875E-05 % Xe133
0.00000E+00 5.23516E-06 5.25869E-06 5.28174E-06 5.30412E-06 5.32612E-06 5.34777E-06 5.36911E-06 5.38965E-06 5.40994E-06 5.42992E-06 % Xe135
0.00000E+00 0.00000E+00 0.00000E+00 0.00000E+00 0.00000E+00 0.00000E+00 0.00000E+00 0.00000E+00 0.00000E+00 0.00000E+00 0.00000E+00 % lost data
1.09100E+01 1.09099E+01 1.09098E+01 1.09097E+01 1.09096E+01 1.09095E+01 1.09094E+01 1.09093E+01 1.09091E+01 1.09090E+01 1.09089E+01 % total
];

