
DET1_VOL   = 1.63361E+01;
DET1_RBINS = 1;
DET1_CBINS = 1;
DET1_MBINS = 1;
DET1_UBINS = 1;
DET1_XBINS = 1;
DET1_YBINS = 1;
DET1_ZBINS = 1;
DET1_LBINS = 1;
DET1_EBINS = 1;
DET1_VALS  = 1;
DET1 = [
    1    1    1    1    1    1    1    1    1    1  7.26436E+13 0.00271 178794
];
DET1E = [
 1.00000E+00  2.00000E+01  1.00000E+00
];

DET2_VOL   = 1.79520E-01;
DET2_RBINS = 1;
DET2_CBINS = 1;
DET2_MBINS = 1;
DET2_UBINS = 1;
DET2_XBINS = 1;
DET2_YBINS = 1;
DET2_ZBINS = 1;
DET2_LBINS = 144;
DET2_EBINS = 1;
DET2_VALS  = 144;
DET2 = [
    1    1    1    1    1    1    1    1    1    1  0.00000E+00 0.00000 0
    2    1    1    1    1    2    1    1    1    1  0.00000E+00 0.00000 0
    3    1    1    1    1    3    1    1    1    1  0.00000E+00 0.00000 0
    4    1    1    1    1    4    1    1    1    1  0.00000E+00 0.00000 0
    5    1    1    1    1    5    1    1    1    1  0.00000E+00 0.00000 0
    6    1    1    1    1    6    1    1    1    1  0.00000E+00 0.00000 0
    7    1    1    1    1    7    1    1    1    1  0.00000E+00 0.00000 0
    8    1    1    1    1    8    1    1    1    1  0.00000E+00 0.00000 0
    9    1    1    1    1    9    1    1    1    1  0.00000E+00 0.00000 0
   10    1    1    1    1   10    1    1    1    1  0.00000E+00 0.00000 0
   11    1    1    1    1   11    1    1    1    1  0.00000E+00 0.00000 0
   12    1    1    1    1   12    1    1    1    1  0.00000E+00 0.00000 0
   13    1    1    1    1   13    1    1    1    1  0.00000E+00 0.00000 0
   14    1    1    1    1   14    1    1    1    1  6.56167E+13 0.02485 1768
   15    1    1    1    1   15    1    1    1    1  7.02612E+13 0.02491 1898
   16    1    1    1    1   16    1    1    1    1  7.23716E+13 0.02336 1949
   17    1    1    1    1   17    1    1    1    1  7.25710E+13 0.02424 1957
   18    1    1    1    1   18    1    1    1    1  7.20436E+13 0.02429 1945
   19    1    1    1    1   19    1    1    1    1  7.18876E+13 0.02335 1941
   20    1    1    1    1   20    1    1    1    1  7.16147E+13 0.02317 1931
   21    1    1    1    1   21    1    1    1    1  7.18051E+13 0.02460 1940
   22    1    1    1    1   22    1    1    1    1  7.00310E+13 0.02372 1904
   23    1    1    1    1   23    1    1    1    1  6.48933E+13 0.02593 1751
   24    1    1    1    1   24    1    1    1    1  0.00000E+00 0.00000 0
   25    1    1    1    1   25    1    1    1    1  0.00000E+00 0.00000 0
   26    1    1    1    1   26    1    1    1    1  7.24481E+13 0.02303 1954
   27    1    1    1    1   27    1    1    1    1  7.13430E+13 0.02414 1919
   28    1    1    1    1   28    1    1    1    1  7.81445E+13 0.02218 2112
   29    1    1    1    1   29    1    1    1    1  7.58707E+13 0.02329 2052
   30    1    1    1    1   30    1    1    1    1  7.50929E+13 0.02386 2027
   31    1    1    1    1   31    1    1    1    1  7.60942E+13 0.02326 2059
   32    1    1    1    1   32    1    1    1    1  7.44782E+13 0.02370 2004
   33    1    1    1    1   33    1    1    1    1  6.77962E+13 0.02403 1831
   34    1    1    1    1   34    1    1    1    1  7.26992E+13 0.02307 1971
   35    1    1    1    1   35    1    1    1    1  7.04160E+13 0.02367 1894
   36    1    1    1    1   36    1    1    1    1  0.00000E+00 0.00000 0
   37    1    1    1    1   37    1    1    1    1  0.00000E+00 0.00000 0
   38    1    1    1    1   38    1    1    1    1  7.27386E+13 0.02317 1968
   39    1    1    1    1   39    1    1    1    1  7.46344E+13 0.02351 2021
   40    1    1    1    1   40    1    1    1    1  7.03415E+13 0.02369 1906
   41    1    1    1    1   41    1    1    1    1  7.40021E+13 0.02393 1999
   42    1    1    1    1   42    1    1    1    1  7.08677E+13 0.02410 1910
   43    1    1    1    1   43    1    1    1    1  7.24100E+13 0.02373 1957
   44    1    1    1    1   44    1    1    1    1  7.32998E+13 0.02369 1972
   45    1    1    1    1   45    1    1    1    1  7.18793E+13 0.02362 1947
   46    1    1    1    1   46    1    1    1    1  7.33320E+13 0.02404 1987
   47    1    1    1    1   47    1    1    1    1  7.19011E+13 0.02460 1943
   48    1    1    1    1   48    1    1    1    1  0.00000E+00 0.00000 0
   49    1    1    1    1   49    1    1    1    1  0.00000E+00 0.00000 0
   50    1    1    1    1   50    1    1    1    1  7.72736E+13 0.02237 2083
   51    1    1    1    1   51    1    1    1    1  7.24864E+13 0.02387 1969
   52    1    1    1    1   52    1    1    1    1  7.26140E+13 0.02451 1967
   53    1    1    1    1   53    1    1    1    1  7.19198E+13 0.02381 1944
   54    1    1    1    1   54    1    1    1    1  7.20631E+13 0.02330 1947
   55    1    1    1    1   55    1    1    1    1  7.29014E+13 0.02314 1969
   56    1    1    1    1   56    1    1    1    1  7.19682E+13 0.02433 1950
   57    1    1    1    1   57    1    1    1    1  6.81478E+13 0.02169 1850
   58    1    1    1    1   58    1    1    1    1  6.95275E+13 0.02314 1891
   59    1    1    1    1   59    1    1    1    1  7.38789E+13 0.02354 2000
   60    1    1    1    1   60    1    1    1    1  0.00000E+00 0.00000 0
   61    1    1    1    1   61    1    1    1    1  0.00000E+00 0.00000 0
   62    1    1    1    1   62    1    1    1    1  7.46106E+13 0.02323 2017
   63    1    1    1    1   63    1    1    1    1  7.71225E+13 0.02316 2093
   64    1    1    1    1   64    1    1    1    1  7.38085E+13 0.02291 2004
   65    1    1    1    1   65    1    1    1    1  7.12203E+13 0.02417 1926
   66    1    1    1    1   66    1    1    1    1  0.00000E+00 0.00000 0
   67    1    1    1    1   67    1    1    1    1  0.00000E+00 0.00000 0
   68    1    1    1    1   68    1    1    1    1  0.00000E+00 0.00000 0
   69    1    1    1    1   69    1    1    1    1  6.92121E+13 0.02400 1877
   70    1    1    1    1   70    1    1    1    1  7.07418E+13 0.02579 1910
   71    1    1    1    1   71    1    1    1    1  7.04507E+13 0.02246 1903
   72    1    1    1    1   72    1    1    1    1  0.00000E+00 0.00000 0
   73    1    1    1    1   73    1    1    1    1  0.00000E+00 0.00000 0
   74    1    1    1    1   74    1    1    1    1  7.53537E+13 0.02451 2033
   75    1    1    1    1   75    1    1    1    1  7.78637E+13 0.02295 2096
   76    1    1    1    1   76    1    1    1    1  7.60167E+13 0.02219 2059
   77    1    1    1    1   77    1    1    1    1  7.50337E+13 0.02274 2033
   78    1    1    1    1   78    1    1    1    1  0.00000E+00 0.00000 0
   79    1    1    1    1   79    1    1    1    1  0.00000E+00 0.00000 0
   80    1    1    1    1   80    1    1    1    1  0.00000E+00 0.00000 0
   81    1    1    1    1   81    1    1    1    1  7.00498E+13 0.02336 1896
   82    1    1    1    1   82    1    1    1    1  7.32174E+13 0.02344 1978
   83    1    1    1    1   83    1    1    1    1  7.21841E+13 0.02252 1959
   84    1    1    1    1   84    1    1    1    1  0.00000E+00 0.00000 0
   85    1    1    1    1   85    1    1    1    1  0.00000E+00 0.00000 0
   86    1    1    1    1   86    1    1    1    1  6.98195E+13 0.02348 1891
   87    1    1    1    1   87    1    1    1    1  7.15201E+13 0.02442 1932
   88    1    1    1    1   88    1    1    1    1  7.61565E+13 0.02281 2061
   89    1    1    1    1   89    1    1    1    1  7.10561E+13 0.02390 1925
   90    1    1    1    1   90    1    1    1    1  0.00000E+00 0.00000 0
   91    1    1    1    1   91    1    1    1    1  0.00000E+00 0.00000 0
   92    1    1    1    1   92    1    1    1    1  0.00000E+00 0.00000 0
   93    1    1    1    1   93    1    1    1    1  7.26793E+13 0.02337 1968
   94    1    1    1    1   94    1    1    1    1  7.67802E+13 0.02216 2072
   95    1    1    1    1   95    1    1    1    1  7.22831E+13 0.02328 1967
   96    1    1    1    1   96    1    1    1    1  0.00000E+00 0.00000 0
   97    1    1    1    1   97    1    1    1    1  0.00000E+00 0.00000 0
   98    1    1    1    1   98    1    1    1    1  7.18010E+13 0.02329 1947
