
ZAI = [
922350
922380
942380
942390
942400
942410
942420
50100
50110
666
0
];

NAMES = [
'U235            '
'U238            '
'Pu238           '
'Pu239           '
'Pu240           '
'Pu241           '
'Pu242           '
'B10             '
'B11             '
'lost            '
'total           '
];

i922350 = 1; iU235             = 1;
i922380 = 2; iU238             = 2;
i942380 = 3; iPu238            = 3;
i942390 = 4; iPu239            = 4;
i942400 = 5; iPu240            = 5;
i942410 = 6; iPu241            = 6;
i942420 = 7; iPu242            = 7;
i50100  = 8; iB10              = 8;
i50110  = 9; iB11              = 9;
iLOST    = 10;
iTOT     = 11;

MAT_fuel1_VOLUME = [ 3.03242E+06 3.03242E+06 3.03242E+06 3.03242E+06 3.03242E+06 3.03242E+06 3.03242E+06 ];

MAT_fuel1_BURNUP = [ 0.00000E+00 9.05539E-02 4.54251E-01 9.49601E+00 1.85406E+01 2.81764E+01 3.76457E+01 ];

MAT_fuel1_ADENS = [
3.75127E-04 3.72685E-04 3.63097E-04 2.07667E-04 1.19241E-04 6.51053E-05 3.50047E-05 % U235
2.26309E-02 2.26290E-02 2.26213E-02 2.24342E-02 2.22414E-02 2.20241E-02 2.17989E-02 % U238
0.00000E+00 1.90861E-13 5.63816E-11 2.12603E-07 8.70976E-07 2.06442E-06 3.54457E-06 % Pu238
0.00000E+00 4.75728E-07 6.06467E-06 7.71180E-05 9.80252E-05 1.04891E-04 1.08495E-04 % Pu239
0.00000E+00 2.31381E-09 1.05084E-07 1.83593E-05 3.65873E-05 5.07467E-05 6.00903E-05 % Pu240
0.00000E+00 1.37858E-11 3.17454E-09 9.29652E-06 2.04938E-05 2.83166E-05 3.31877E-05 % Pu241
0.00000E+00 1.64915E-14 1.91774E-11 1.84576E-06 7.25963E-06 1.56449E-05 2.47155E-05 % Pu242
0.00000E+00 1.02938E-11 4.69795E-11 1.67883E-10 1.05681E-10 5.82750E-11 3.14198E-11 % B10
0.00000E+00 1.67810E-15 1.23640E-13 4.61452E-11 1.18064E-10 2.06632E-10 3.00179E-10 % B11
0.00000E+00 0.00000E+00 0.00000E+00 0.00000E+00 0.00000E+00 0.00000E+00 0.00000E+00 % lost data
6.89354E-02 6.89376E-02 6.89464E-02 6.91624E-02 6.93722E-02 6.95946E-02 6.98141E-02 % total
];

MAT_fuel1_MDENS = [
1.46414E-01 1.45461E-01 1.41719E-01 8.10535E-02 4.65406E-02 2.54110E-02 1.36625E-02 % U235
8.94596E+00 8.94521E+00 8.94216E+00 8.86822E+00 8.79199E+00 8.70609E+00 8.61710E+00 % U238
0.00000E+00 7.54466E-11 2.22875E-08 8.40414E-05 3.44294E-04 8.16060E-04 1.40116E-03 % Pu238
0.00000E+00 1.88846E-04 2.40744E-03 3.06129E-02 3.89123E-02 4.16379E-02 4.30684E-02 % Pu239
0.00000E+00 9.22345E-07 4.18891E-05 7.31849E-03 1.45846E-02 2.02290E-02 2.39535E-02 % Pu240
0.00000E+00 5.51814E-09 1.27070E-06 3.72119E-03 8.20321E-03 1.13345E-02 1.32843E-02 % Pu241
0.00000E+00 6.62884E-12 7.70844E-09 7.41912E-04 2.91804E-03 6.28854E-03 9.93450E-03 % Pu242
0.00000E+00 1.71156E-10 7.81136E-10 2.79142E-09 1.75718E-09 9.68947E-10 5.22422E-10 % B10
0.00000E+00 3.06784E-14 2.26034E-12 8.43609E-10 2.15840E-09 3.77757E-09 5.48775E-09 % B11
0.00000E+00 0.00000E+00 0.00000E+00 0.00000E+00 0.00000E+00 0.00000E+00 0.00000E+00 % lost data
1.03134E+01 1.03134E+01 1.03134E+01 1.03132E+01 1.03131E+01 1.03131E+01 1.03131E+01 % total
];

MAT_fuel1_A = [
3.55011E+10 3.52700E+10 3.43625E+10 1.96530E+10 1.12847E+10 6.16140E+09 3.31275E+09 % U235
3.37373E+11 3.37344E+11 3.37229E+11 3.34441E+11 3.31566E+11 3.28326E+11 3.24970E+11 % U238
0.00000E+00 1.44957E+08 4.28212E+10 1.61470E+14 6.61497E+14 1.56791E+15 2.69206E+15 % Pu238
0.00000E+00 1.31407E+12 1.67520E+13 2.13018E+14 2.70768E+14 2.89735E+14 2.99689E+14 % Pu239
0.00000E+00 2.34826E+10 1.06648E+12 1.86327E+14 3.71320E+14 5.15023E+14 6.09850E+14 % Pu240
0.00000E+00 6.40762E+10 1.47553E+13 4.32102E+16 9.52552E+16 1.31615E+17 1.54256E+17 % Pu241
0.00000E+00 2.94090E+03 3.41987E+06 3.29151E+11 1.29459E+12 2.78993E+12 4.40747E+12 % Pu242
0.00000E+00 0.00000E+00 0.00000E+00 0.00000E+00 0.00000E+00 0.00000E+00 0.00000E+00 % B10
0.00000E+00 0.00000E+00 0.00000E+00 0.00000E+00 0.00000E+00 0.00000E+00 0.00000E+00 % B11
0.00000E+00 0.00000E+00 0.00000E+00 0.00000E+00 0.00000E+00 0.00000E+00 0.00000E+00 % lost data
1.18989E+12 1.99702E+20 2.21644E+20 2.35012E+20 2.18526E+20 2.44255E+20 2.56972E+20 % total
];

MAT_fuel1_H = [
2.66131E-02 2.64398E-02 2.57595E-02 1.47327E-02 8.45947E-03 4.61883E-03 2.48337E-03 % U235
2.30811E-01 2.30791E-01 2.30713E-01 2.28805E-01 2.26838E-01 2.24622E-01 2.22326E-01 % U238
0.00000E+00 1.29884E-04 3.83688E-02 1.44681E+02 5.92717E+02 1.40488E+03 2.41215E+03 % Pu238
0.00000E+00 1.10456E+00 1.40812E+01 1.79055E+02 2.27598E+02 2.43541E+02 2.51908E+02 % Pu239
0.00000E+00 1.97730E-02 8.98006E-01 1.56892E+02 3.12661E+02 4.33662E+02 5.13509E+02 % Pu240
0.00000E+00 5.50238E-05 1.26707E-02 3.71056E+01 8.17979E+01 1.13021E+02 1.32463E+02 % Pu241
0.00000E+00 2.34839E-09 2.73085E-06 2.62836E-01 1.03377E+00 2.22783E+00 3.51947E+00 % Pu242
0.00000E+00 0.00000E+00 0.00000E+00 0.00000E+00 0.00000E+00 0.00000E+00 0.00000E+00 % B10
0.00000E+00 0.00000E+00 0.00000E+00 0.00000E+00 0.00000E+00 0.00000E+00 0.00000E+00 % B11
0.00000E+00 0.00000E+00 0.00000E+00 0.00000E+00 0.00000E+00 0.00000E+00 0.00000E+00 % lost data
8.93285E-01 6.63444E+07 6.79327E+07 6.49272E+07 5.85290E+07 6.41974E+07 6.67826E+07 % total
];

MAT_fuel1_SF = [
2.55608E+00 2.53944E+00 2.47410E+00 1.41502E+00 8.12498E-01 4.43621E-01 2.38518E-01 % U235
1.84206E+05 1.84190E+05 1.84127E+05 1.82605E+05 1.81035E+05 1.79266E+05 1.77434E+05 % U238
0.00000E+00 2.69619E-01 7.96474E+01 3.00334E+05 1.23038E+06 2.91631E+06 5.00723E+06 % Pu238
0.00000E+00 4.07362E+00 5.19313E+01 6.60355E+02 8.39382E+02 8.98178E+02 9.29035E+02 % Pu239
0.00000E+00 1.33851E+03 6.07895E+04 1.06206E+07 2.11652E+07 2.93563E+07 3.47614E+07 % Pu240
0.00000E+00 0.00000E+00 0.00000E+00 0.00000E+00 0.00000E+00 0.00000E+00 0.00000E+00 % Pu241
0.00000E+00 1.61750E-02 1.88093E+01 1.81033E+06 7.12027E+06 1.53446E+07 2.42411E+07 % Pu242
0.00000E+00 0.00000E+00 0.00000E+00 0.00000E+00 0.00000E+00 0.00000E+00 0.00000E+00 % B10
0.00000E+00 0.00000E+00 0.00000E+00 0.00000E+00 0.00000E+00 0.00000E+00 0.00000E+00 % B11
0.00000E+00 0.00000E+00 0.00000E+00 0.00000E+00 0.00000E+00 0.00000E+00 0.00000E+00 % lost data
1.84222E+05 1.85550E+05 2.45153E+05 2.97388E+08 2.30638E+09 8.70665E+09 2.05739E+10 % total
];

MAT_fuel1_GSRC = [
4.48559E+10 4.45638E+10 4.34173E+10 2.48317E+10 1.42583E+10 7.78497E+09 4.18568E+09 % U235
2.98756E+10 2.98731E+10 2.98629E+10 2.96159E+10 2.93614E+10 2.90745E+10 2.87773E+10 % U238
0.00000E+00 1.77031E+07 5.22962E+09 1.97198E+13 8.07866E+13 1.91484E+14 3.28773E+14 % Pu238
0.00000E+00 8.07663E+10 1.02962E+12 1.30926E+13 1.66421E+13 1.78079E+13 1.84197E+13 % Pu239
0.00000E+00 2.53387E+09 1.15078E+11 2.01054E+13 4.00670E+13 5.55731E+13 6.58054E+13 % Pu240
0.00000E+00 1.89545E+06 4.36477E+08 1.27820E+12 2.81775E+12 3.89332E+12 4.56306E+12 % Pu241
0.00000E+00 2.91124E+02 3.38537E+05 3.25831E+10 1.28153E+11 2.76178E+11 4.36301E+11 % Pu242
0.00000E+00 0.00000E+00 0.00000E+00 0.00000E+00 0.00000E+00 0.00000E+00 0.00000E+00 % B10
0.00000E+00 0.00000E+00 0.00000E+00 0.00000E+00 0.00000E+00 0.00000E+00 0.00000E+00 % B11
0.00000E+00 0.00000E+00 0.00000E+00 0.00000E+00 0.00000E+00 0.00000E+00 0.00000E+00 % lost data
1.67780E+11 2.14339E+20 2.46817E+20 2.55222E+20 2.35310E+20 2.61908E+20 2.74433E+20 % total
];

