
ZAI = [
70140
70150
922340
922350
922360
922380
942380
942390
942400
942410
942420
952410
952421
952430
962420
962440
666
0
];

NAMES = [
'N14             '
'N15             '
'U234            '
'U235            '
'U236            '
'U238            '
'Pu238           '
'Pu239           '
'Pu240           '
'Pu241           '
'Pu242           '
'Am241           '
'Am242m          '
'Am243           '
'Cm242           '
'Cm244           '
'lost            '
'total           '
];

i70140  = 1; iN14              = 1;
i70150  = 2; iN15              = 2;
i922340 = 3; iU234             = 3;
i922350 = 4; iU235             = 4;
i922360 = 5; iU236             = 5;
i922380 = 6; iU238             = 6;
i942380 = 7; iPu238            = 7;
i942390 = 8; iPu239            = 8;
i942400 = 9; iPu240            = 9;
i942410 = 10; iPu241            = 10;
i942420 = 11; iPu242            = 11;
i952410 = 12; iAm241            = 12;
i952421 = 13; iAm242m           = 13;
i952430 = 14; iAm243            = 14;
i962420 = 15; iCm242            = 15;
i962440 = 16; iCm244            = 16;
iLOST    = 17;
iTOT     = 18;

MAT_fuel_VOLUME = [ 4.34730E+06 4.34730E+06 4.34730E+06 4.34730E+06 4.34730E+06 4.34730E+06 4.34730E+06 4.34730E+06 4.34730E+06 4.34730E+06 4.34730E+06 ];

MAT_fuel_BURNUP = [ 0.00000E+00 1.00004E-01 5.00016E-01 1.08705E+01 2.12311E+01 3.16017E+01 4.19720E+01 5.23323E+01 6.27027E+01 7.30730E+01 9.38039E+01 ];

MAT_fuel_ADENS = [
0.00000E+00 1.28474E-18 3.21612E-17 1.53720E-14 5.93057E-14 1.32509E-13 2.35647E-13 3.69111E-13 5.33621E-13 7.29300E-13 1.21658E-12 % N14
0.00000E+00 9.90076E-12 5.20207E-11 1.08454E-09 2.45647E-09 3.49048E-09 4.50770E-09 5.59034E-09 6.69869E-09 7.65967E-09 1.03666E-08 % N15
0.00000E+00 9.39291E-09 4.68644E-08 1.01529E-06 2.06267E-06 3.21382E-06 4.45045E-06 5.74876E-06 7.08794E-06 8.44773E-06 1.11618E-05 % U234
0.00000E+00 5.03852E-10 2.54883E-09 6.41927E-08 1.42270E-07 2.37245E-07 3.49207E-07 4.77114E-07 6.21899E-07 7.81740E-07 1.14132E-06 % U235
0.00000E+00 9.46096E-10 4.75736E-09 1.02959E-07 2.04546E-07 3.03724E-07 4.04056E-07 5.06262E-07 6.11111E-07 7.16808E-07 9.44287E-07 % U236
1.94165E-02 1.94140E-02 1.94040E-02 1.91468E-02 1.88919E-02 1.86390E-02 1.83887E-02 1.81420E-02 1.78972E-02 1.76546E-02 1.71776E-02 % U238
1.19913E-04 1.19820E-04 1.19494E-04 1.27198E-04 1.44731E-04 1.61732E-04 1.76386E-04 1.88469E-04 1.98207E-04 2.05797E-04 2.15428E-04 % Pu238
1.77831E-03 1.77750E-03 1.77878E-03 1.82608E-03 1.86708E-03 1.90263E-03 1.93299E-03 1.95797E-03 1.97905E-03 1.99641E-03 2.01950E-03 % Pu239
8.15492E-04 8.15544E-04 8.15755E-04 8.22466E-04 8.31054E-04 8.41289E-04 8.52643E-04 8.64875E-04 8.77825E-04 8.91153E-04 9.18572E-04 % Pu240
4.41998E-04 4.41410E-04 4.39064E-04 3.83441E-04 3.36824E-04 2.97767E-04 2.65229E-04 2.38144E-04 2.15632E-04 1.96991E-04 1.69006E-04 % Pu241
2.70676E-04 2.70726E-04 2.70991E-04 2.77065E-04 2.81589E-04 2.84844E-04 2.86951E-04 2.88076E-04 2.88371E-04 2.87940E-04 2.85381E-04 % Pu242
6.01129E-04 6.00833E-04 5.99648E-04 5.68625E-04 5.37662E-04 5.07093E-04 4.77385E-04 4.48772E-04 4.21288E-04 3.95100E-04 3.46817E-04 % Am241
0.00000E+00 3.46233E-08 1.72365E-07 3.39544E-06 5.98901E-06 8.04913E-06 9.64379E-06 1.08442E-05 1.17188E-05 1.23167E-05 1.28679E-05 % Am242m
6.01129E-04 6.00743E-04 5.99219E-04 5.61127E-04 5.25898E-04 4.93142E-04 4.62854E-04 4.34825E-04 4.08777E-04 3.84605E-04 3.41258E-04 % Am243
0.00000E+00 2.40479E-07 1.48955E-06 1.64424E-05 1.85070E-05 1.81226E-05 1.72109E-05 1.62338E-05 1.52933E-05 1.43976E-05 1.27258E-05 % Cm242
0.00000E+00 3.73009E-07 1.88565E-06 3.81535E-05 6.89485E-05 9.50519E-05 1.16832E-04 1.34820E-04 1.49586E-04 1.61473E-04 1.78048E-04 % Cm244
0.00000E+00 0.00000E+00 0.00000E+00 0.00000E+00 0.00000E+00 0.00000E+00 0.00000E+00 0.00000E+00 0.00000E+00 0.00000E+00 0.00000E+00 % lost data
7.21355E-02 7.21380E-02 7.21481E-02 7.24270E-02 7.27179E-02 7.30113E-02 7.33045E-02 7.35969E-02 7.38888E-02 7.41797E-02 7.47585E-02 % total
];

MAT_fuel_MDENS = [
0.00000E+00 2.98740E-17 7.47845E-16 3.57444E-13 1.37904E-12 3.08123E-12 5.47951E-12 8.58296E-12 1.24083E-11 1.69584E-11 2.82891E-11 % N14
0.00000E+00 2.46611E-10 1.29574E-09 2.70139E-08 6.11864E-08 8.69418E-08 1.12279E-07 1.39245E-07 1.66853E-07 1.90789E-07 2.58213E-07 % N15
0.00000E+00 3.65046E-06 1.82134E-05 3.94584E-04 8.01634E-04 1.24902E-03 1.72962E-03 2.23420E-03 2.75466E-03 3.28312E-03 4.33793E-03 % U234
0.00000E+00 1.96657E-07 9.94823E-07 2.50548E-05 5.55289E-05 9.25984E-05 1.36298E-04 1.86221E-04 2.42731E-04 3.05118E-04 4.45465E-04 % U235
0.00000E+00 3.70841E-07 1.86474E-06 4.03569E-05 8.01756E-05 1.19050E-04 1.58378E-04 1.98439E-04 2.39537E-04 2.80967E-04 3.70131E-04 % U236
7.67531E+00 7.67433E+00 7.67040E+00 7.56870E+00 7.46796E+00 7.36798E+00 7.26905E+00 7.17153E+00 7.07474E+00 6.97886E+00 6.79028E+00 % U238
4.74014E-02 4.73644E-02 4.72355E-02 5.02811E-02 5.72120E-02 6.39323E-02 6.97248E-02 7.45014E-02 7.83510E-02 8.13511E-02 8.51581E-02 % Pu238
7.05920E-01 7.05600E-01 7.06109E-01 7.24882E-01 7.41161E-01 7.55273E-01 7.67321E-01 7.77237E-01 7.85608E-01 7.92499E-01 8.01666E-01 % Pu239
3.25076E-01 3.25096E-01 3.25180E-01 3.27856E-01 3.31279E-01 3.35359E-01 3.39885E-01 3.44761E-01 3.49923E-01 3.55236E-01 3.66166E-01 % Pu240
1.76928E-01 1.76692E-01 1.75753E-01 1.53488E-01 1.34828E-01 1.19193E-01 1.06169E-01 9.53270E-02 8.63155E-02 7.88537E-02 6.76516E-02 % Pu241
1.08799E-01 1.08819E-01 1.08926E-01 1.11368E-01 1.13186E-01 1.14494E-01 1.15341E-01 1.15793E-01 1.15912E-01 1.15739E-01 1.14710E-01 % Pu242
2.40626E-01 2.40508E-01 2.40033E-01 2.27615E-01 2.15221E-01 2.02985E-01 1.91093E-01 1.79639E-01 1.68638E-01 1.58155E-01 1.38828E-01 % Am241
0.00000E+00 1.39170E-05 6.92830E-05 1.36482E-03 2.40732E-03 3.23539E-03 3.87638E-03 4.35889E-03 4.71043E-03 4.95077E-03 5.17234E-03 % Am242m
2.42627E-01 2.42471E-01 2.41856E-01 2.26481E-01 2.12263E-01 1.99041E-01 1.86817E-01 1.75503E-01 1.64990E-01 1.55234E-01 1.37738E-01 % Am243
0.00000E+00 9.66615E-05 5.98729E-04 6.60909E-03 7.43897E-03 7.28443E-03 6.91800E-03 6.52526E-03 6.14720E-03 5.78718E-03 5.11519E-03 % Cm242
0.00000E+00 1.51174E-04 7.64219E-04 1.54629E-02 2.79436E-02 3.85228E-02 4.73499E-02 5.46403E-02 6.06244E-02 6.54421E-02 7.21597E-02 % Cm244
0.00000E+00 0.00000E+00 0.00000E+00 0.00000E+00 0.00000E+00 0.00000E+00 0.00000E+00 0.00000E+00 0.00000E+00 0.00000E+00 0.00000E+00 % lost data
1.08000E+01 1.08000E+01 1.08000E+01 1.07996E+01 1.07993E+01 1.07990E+01 1.07986E+01 1.07983E+01 1.07979E+01 1.07976E+01 1.07969E+01 % total
];

