
ZAI = [
70140
70150
922340
922350
922360
922380
942380
942390
942400
942410
942420
952410
952421
952430
962420
962440
666
0
];

NAMES = [
'N14             '
'N15             '
'U234            '
'U235            '
'U236            '
'U238            '
'Pu238           '
'Pu239           '
'Pu240           '
'Pu241           '
'Pu242           '
'Am241           '
'Am242m          '
'Am243           '
'Cm242           '
'Cm244           '
'lost            '
'total           '
];

i70140  = 1; iN14              = 1;
i70150  = 2; iN15              = 2;
i922340 = 3; iU234             = 3;
i922350 = 4; iU235             = 4;
i922360 = 5; iU236             = 5;
i922380 = 6; iU238             = 6;
i942380 = 7; iPu238            = 7;
i942390 = 8; iPu239            = 8;
i942400 = 9; iPu240            = 9;
i942410 = 10; iPu241            = 10;
i942420 = 11; iPu242            = 11;
i952410 = 12; iAm241            = 12;
i952421 = 13; iAm242m           = 13;
i952430 = 14; iAm243            = 14;
i962420 = 15; iCm242            = 15;
i962440 = 16; iCm244            = 16;
iLOST    = 17;
iTOT     = 18;

MAT_fuel_VOLUME = [ 4.34730E+06 4.34730E+06 4.34730E+06 4.34730E+06 4.34730E+06 4.34730E+06 4.34730E+06 4.34730E+06 4.34730E+06 4.34730E+06 4.34730E+06 ];

MAT_fuel_BURNUP = [ 0.00000E+00 1.00004E-01 5.00018E-01 1.08703E+01 2.12307E+01 3.16013E+01 4.19716E+01 5.23321E+01 6.27024E+01 7.30728E+01 9.38037E+01 ];

MAT_fuel_ADENS = [
0.00000E+00 1.28416E-18 3.21312E-17 1.53426E-14 5.91488E-14 1.32162E-13 2.35114E-13 3.68267E-13 5.32561E-13 7.28113E-13 1.21385E-12 % N14
0.00000E+00 1.11693E-11 5.61853E-11 1.27455E-09 2.55710E-09 3.46988E-09 4.57774E-09 5.53116E-09 6.64938E-09 7.74043E-09 9.70739E-09 % N15
0.00000E+00 9.39291E-09 4.68641E-08 1.01523E-06 2.06218E-06 3.21265E-06 4.44867E-06 5.74543E-06 7.08441E-06 8.44487E-06 1.11594E-05 % U234
0.00000E+00 5.03865E-10 2.54920E-09 6.41903E-08 1.42139E-07 2.37050E-07 3.48630E-07 4.77183E-07 6.21441E-07 7.80233E-07 1.13891E-06 % U235
0.00000E+00 9.59593E-10 4.81115E-09 1.05304E-07 2.06046E-07 3.03576E-07 4.04686E-07 5.05563E-07 6.10216E-07 7.17189E-07 9.37503E-07 % U236
1.94165E-02 1.94140E-02 1.94041E-02 1.91476E-02 1.88928E-02 1.86400E-02 1.83900E-02 1.81427E-02 1.78979E-02 1.76557E-02 1.71784E-02 % U238
1.19913E-04 1.19820E-04 1.19494E-04 1.27169E-04 1.44643E-04 1.61636E-04 1.76252E-04 1.88366E-04 1.98139E-04 2.05751E-04 2.15395E-04 % Pu238
1.77831E-03 1.77750E-03 1.77878E-03 1.82571E-03 1.86674E-03 1.90235E-03 1.93252E-03 1.95793E-03 1.97890E-03 1.99598E-03 2.01944E-03 % Pu239
8.15492E-04 8.15543E-04 8.15752E-04 8.22339E-04 8.30879E-04 8.40928E-04 8.52277E-04 8.64585E-04 8.77520E-04 8.90856E-04 9.18141E-04 % Pu240
4.41998E-04 4.41410E-04 4.39065E-04 3.83484E-04 3.36892E-04 2.97830E-04 2.65234E-04 2.38118E-04 2.15619E-04 1.96948E-04 1.68952E-04 % Pu241
2.70676E-04 2.70726E-04 2.70992E-04 2.77004E-04 2.81548E-04 2.84781E-04 2.86875E-04 2.88017E-04 2.88315E-04 2.87900E-04 2.85298E-04 % Pu242
6.01129E-04 6.00833E-04 5.99646E-04 5.68772E-04 5.37795E-04 5.07303E-04 4.77585E-04 4.48885E-04 4.21385E-04 3.95213E-04 3.46927E-04 % Am241
0.00000E+00 3.46189E-08 1.72480E-07 3.38449E-06 5.98053E-06 8.03636E-06 9.63283E-06 1.08390E-05 1.17146E-05 1.23127E-05 1.28642E-05 % Am242m
6.01129E-04 6.00743E-04 5.99219E-04 5.61293E-04 5.26018E-04 4.93330E-04 4.63039E-04 4.34956E-04 4.08894E-04 3.84701E-04 3.41375E-04 % Am243
0.00000E+00 2.40398E-07 1.49038E-06 1.63734E-05 1.85042E-05 1.80768E-05 1.71999E-05 1.62667E-05 1.53081E-05 1.43857E-05 1.27204E-05 % Cm242
0.00000E+00 3.72921E-07 1.88595E-06 3.79918E-05 6.88238E-05 9.48580E-05 1.16647E-04 1.34720E-04 1.49505E-04 1.61393E-04 1.77980E-04 % Cm244
0.00000E+00 0.00000E+00 0.00000E+00 0.00000E+00 0.00000E+00 0.00000E+00 0.00000E+00 0.00000E+00 0.00000E+00 0.00000E+00 0.00000E+00 % lost data
7.21355E-02 7.21380E-02 7.21481E-02 7.24266E-02 7.27175E-02 7.30108E-02 7.33040E-02 7.35964E-02 7.38883E-02 7.41793E-02 7.47581E-02 % total
];

MAT_fuel_MDENS = [
0.00000E+00 2.98605E-17 7.47147E-16 3.56762E-13 1.37539E-12 3.07316E-12 5.46711E-12 8.56332E-12 1.23836E-11 1.69308E-11 2.82258E-11 % N14
0.00000E+00 2.78207E-10 1.39948E-09 3.17469E-08 6.36929E-08 8.64286E-08 1.14023E-07 1.37771E-07 1.65624E-07 1.92800E-07 2.41794E-07 % N15
0.00000E+00 3.65046E-06 1.82132E-05 3.94557E-04 8.01444E-04 1.24856E-03 1.72893E-03 2.23290E-03 2.75328E-03 3.28201E-03 4.33699E-03 % U234
0.00000E+00 1.96662E-07 9.94967E-07 2.50539E-05 5.54777E-05 9.25222E-05 1.36072E-04 1.86248E-04 2.42552E-04 3.04530E-04 4.44524E-04 % U235
0.00000E+00 3.76131E-07 1.88582E-06 4.12760E-05 8.07638E-05 1.18993E-04 1.58624E-04 1.98165E-04 2.39186E-04 2.81116E-04 3.67472E-04 % U236
7.67531E+00 7.67433E+00 7.67040E+00 7.56902E+00 7.46829E+00 7.36837E+00 7.26954E+00 7.17179E+00 7.07504E+00 6.97927E+00 6.79062E+00 % U238
4.74014E-02 4.73645E-02 4.72356E-02 5.02696E-02 5.71770E-02 6.38942E-02 6.96719E-02 7.44606E-02 7.83237E-02 8.13328E-02 8.51451E-02 % Pu238
7.05920E-01 7.05600E-01 7.06105E-01 7.24736E-01 7.41024E-01 7.55162E-01 7.67136E-01 7.77223E-01 7.85547E-01 7.92326E-01 8.01639E-01 % Pu239
3.25076E-01 3.25096E-01 3.25179E-01 3.27805E-01 3.31209E-01 3.35215E-01 3.39739E-01 3.44645E-01 3.49801E-01 3.55118E-01 3.65994E-01 % Pu240
1.76928E-01 1.76692E-01 1.75753E-01 1.53505E-01 1.34855E-01 1.19219E-01 1.06171E-01 9.53163E-02 8.63103E-02 7.88364E-02 6.76299E-02 % Pu241
1.08799E-01 1.08819E-01 1.08926E-01 1.11343E-01 1.13169E-01 1.14469E-01 1.15311E-01 1.15770E-01 1.15889E-01 1.15723E-01 1.14677E-01 % Pu242
2.40626E-01 2.40508E-01 2.40033E-01 2.27674E-01 2.15274E-01 2.03069E-01 1.91173E-01 1.79684E-01 1.68676E-01 1.58200E-01 1.38872E-01 % Am241
0.00000E+00 1.39153E-05 6.93292E-05 1.36041E-03 2.40391E-03 3.23026E-03 3.87197E-03 4.35680E-03 4.70874E-03 4.94915E-03 5.17086E-03 % Am242m
2.42627E-01 2.42471E-01 2.41856E-01 2.26549E-01 2.12311E-01 1.99117E-01 1.86891E-01 1.75556E-01 1.65037E-01 1.55273E-01 1.37785E-01 % Am243
0.00000E+00 9.66289E-05 5.99063E-04 6.58134E-03 7.43782E-03 7.26604E-03 6.91355E-03 6.53847E-03 6.15315E-03 5.78239E-03 5.11302E-03 % Cm242
0.00000E+00 1.51138E-04 7.64341E-04 1.53974E-02 2.78931E-02 3.84442E-02 4.72749E-02 5.45995E-02 6.05917E-02 6.54098E-02 7.21322E-02 % Cm244
0.00000E+00 0.00000E+00 0.00000E+00 0.00000E+00 0.00000E+00 0.00000E+00 0.00000E+00 0.00000E+00 0.00000E+00 0.00000E+00 0.00000E+00 % lost data
1.08000E+01 1.08000E+01 1.08000E+01 1.07996E+01 1.07993E+01 1.07990E+01 1.07986E+01 1.07983E+01 1.07979E+01 1.07976E+01 1.07969E+01 % total
];

