
ZAI = [
666
0
];

NAMES = [
'lost            '
'total           '
];

iLOST    = 1;
iTOT     = 2;

MAT_fuel_VOLUME = [ 6.88652E+03 6.88652E+03 6.88652E+03 6.88652E+03 6.88652E+03 6.88652E+03 6.88652E+03 6.88652E+03 6.88652E+03 6.88652E+03 6.88652E+03 ];

MAT_fuel_BURNUP = [ 0.00000E+00 5.00041E+00 1.00009E+01 1.50015E+01 2.00019E+01 2.50024E+01 3.00028E+01 3.50033E+01 4.00037E+01 4.50041E+01 5.00044E+01 ];

MAT_fuel_ADENS = [
0.00000E+00 0.00000E+00 0.00000E+00 0.00000E+00 0.00000E+00 0.00000E+00 0.00000E+00 0.00000E+00 0.00000E+00 0.00000E+00 0.00000E+00 % lost data
9.23445E-02 9.25074E-02 9.26703E-02 9.28332E-02 9.29960E-02 9.31589E-02 9.33217E-02 9.34844E-02 9.36470E-02 9.38096E-02 9.39721E-02 % total
];

MAT_fuel_MDENS = [
0.00000E+00 0.00000E+00 0.00000E+00 0.00000E+00 0.00000E+00 0.00000E+00 0.00000E+00 0.00000E+00 0.00000E+00 0.00000E+00 0.00000E+00 % lost data
1.37800E+01 1.37798E+01 1.37796E+01 1.37795E+01 1.37793E+01 1.37791E+01 1.37790E+01 1.37788E+01 1.37787E+01 1.37785E+01 1.37784E+01 % total
];

MAT_fuel_A = [
0.00000E+00 0.00000E+00 0.00000E+00 0.00000E+00 0.00000E+00 0.00000E+00 0.00000E+00 0.00000E+00 0.00000E+00 0.00000E+00 0.00000E+00 % lost data
1.87811E+09 1.02436E+20 1.09026E+20 1.13223E+20 1.16308E+20 1.18699E+20 1.20663E+20 1.22290E+20 1.23644E+20 1.24793E+20 1.25785E+20 % total
];

MAT_fuel_H = [
0.00000E+00 0.00000E+00 0.00000E+00 0.00000E+00 0.00000E+00 0.00000E+00 0.00000E+00 0.00000E+00 0.00000E+00 0.00000E+00 0.00000E+00 % lost data
1.34989E-03 3.69388E+07 3.78166E+07 3.83022E+07 3.86188E+07 3.88378E+07 3.89902E+07 3.90887E+07 3.91577E+07 3.91909E+07 3.92065E+07 % total
];

MAT_fuel_SF = [
0.00000E+00 0.00000E+00 0.00000E+00 0.00000E+00 0.00000E+00 0.00000E+00 0.00000E+00 0.00000E+00 0.00000E+00 0.00000E+00 0.00000E+00 % lost data
4.83709E+02 2.32508E+03 8.10644E+03 1.74262E+04 2.99313E+04 4.52431E+04 6.31717E+04 8.35366E+04 1.06160E+05 1.30915E+05 1.57789E+05 % total
];

MAT_fuel_GSRC = [
0.00000E+00 0.00000E+00 0.00000E+00 0.00000E+00 0.00000E+00 0.00000E+00 0.00000E+00 0.00000E+00 0.00000E+00 0.00000E+00 0.00000E+00 % lost data
1.33225E+09 1.07795E+20 1.15702E+20 1.21254E+20 1.25504E+20 1.28867E+20 1.31629E+20 1.33916E+20 1.35813E+20 1.37411E+20 1.38771E+20 % total
];

MAT_fuel_ING_TOX = [
0.00000E+00 0.00000E+00 0.00000E+00 0.00000E+00 0.00000E+00 0.00000E+00 0.00000E+00 0.00000E+00 0.00000E+00 0.00000E+00 0.00000E+00 % lost data
8.64995E+01 1.29567E+10 1.89179E+10 2.29849E+10 2.60630E+10 2.85241E+10 3.05724E+10 3.23246E+10 3.38486E+10 3.51974E+10 3.64048E+10 % total
];

MAT_fuel_INH_TOX = [
0.00000E+00 0.00000E+00 0.00000E+00 0.00000E+00 0.00000E+00 0.00000E+00 0.00000E+00 0.00000E+00 0.00000E+00 0.00000E+00 0.00000E+00 % lost data
1.55210E+04 7.92039E+09 1.24852E+10 1.60211E+10 1.89403E+10 2.14306E+10 2.36121E+10 2.55590E+10 2.73162E+10 2.89252E+10 3.04135E+10 % total
];

TOT_VOLUME = [ 6.88652E+03 6.88652E+03 6.88652E+03 6.88652E+03 6.88652E+03 6.88652E+03 6.88652E+03 6.88652E+03 6.88652E+03 6.88652E+03 6.88652E+03 ];

TOT_BURNUP = [ 0.00000E+00 5.00041E+00 1.00009E+01 1.50015E+01 2.00019E+01 2.50024E+01 3.00028E+01 3.50033E+01 4.00037E+01 4.50041E+01 5.00044E+01 ];

TOT_ADENS = [
0.00000E+00 0.00000E+00 0.00000E+00 0.00000E+00 0.00000E+00 0.00000E+00 0.00000E+00 0.00000E+00 0.00000E+00 0.00000E+00 0.00000E+00 % lost data
9.23445E-02 9.25074E-02 9.26703E-02 9.28332E-02 9.29960E-02 9.31589E-02 9.33217E-02 9.34844E-02 9.36470E-02 9.38096E-02 9.39721E-02 % total
];

TOT_MASS = [
0.00000E+00 0.00000E+00 0.00000E+00 0.00000E+00 0.00000E+00 0.00000E+00 0.00000E+00 0.00000E+00 0.00000E+00 0.00000E+00 0.00000E+00 % lost data
9.48962E+04 9.48949E+04 9.48937E+04 9.48925E+04 9.48913E+04 9.48902E+04 9.48891E+04 9.48880E+04 9.48870E+04 9.48860E+04 9.48850E+04 % total
];

TOT_A = [
0.00000E+00 0.00000E+00 0.00000E+00 0.00000E+00 0.00000E+00 0.00000E+00 0.00000E+00 0.00000E+00 0.00000E+00 0.00000E+00 0.00000E+00 % lost data
1.87811E+09 1.02436E+20 1.09026E+20 1.13223E+20 1.16308E+20 1.18699E+20 1.20663E+20 1.22290E+20 1.23644E+20 1.24793E+20 1.25785E+20 % total
];

TOT_H = [
0.00000E+00 0.00000E+00 0.00000E+00 0.00000E+00 0.00000E+00 0.00000E+00 0.00000E+00 0.00000E+00 0.00000E+00 0.00000E+00 0.00000E+00 % lost data
1.34989E-03 3.69388E+07 3.78166E+07 3.83022E+07 3.86188E+07 3.88378E+07 3.89902E+07 3.90887E+07 3.91577E+07 3.91909E+07 3.92065E+07 % total
];

TOT_SF = [
0.00000E+00 0.00000E+00 0.00000E+00 0.00000E+00 0.00000E+00 0.00000E+00 0.00000E+00 0.00000E+00 0.00000E+00 0.00000E+00 0.00000E+00 % lost data
4.83709E+02 2.32508E+03 8.10644E+03 1.74262E+04 2.99313E+04 4.52431E+04 6.31717E+04 8.35366E+04 1.06160E+05 1.30915E+05 1.57789E+05 % total
];

TOT_GSRC = [
0.00000E+00 0.00000E+00 0.00000E+00 0.00000E+00 0.00000E+00 0.00000E+00 0.00000E+00 0.00000E+00 0.00000E+00 0.00000E+00 0.00000E+00 % lost data
1.33225E+09 1.07795E+20 1.15702E+20 1.21254E+20 1.25504E+20 1.28867E+20 1.31629E+20 1.33916E+20 1.35813E+20 1.37411E+20 1.38771E+20 % total
];

TOT_ING_TOX = [
0.00000E+00 0.00000E+00 0.00000E+00 0.00000E+00 0.00000E+00 0.00000E+00 0.00000E+00 0.00000E+00 0.00000E+00 0.00000E+00 0.00000E+00 % lost data
8.64995E+01 1.29567E+10 1.89179E+10 2.29849E+10 2.60630E+10 2.85241E+10 3.05724E+10 3.23246E+10 3.38486E+10 3.51974E+10 3.64048E+10 % total
];

TOT_INH_TOX = [
0.00000E+00 0.00000E+00 0.00000E+00 0.00000E+00 0.00000E+00 0.00000E+00 0.00000E+00 0.00000E+00 0.00000E+00 0.00000E+00 0.00000E+00 % lost data
1.55210E+04 7.92039E+09 1.24852E+10 1.60211E+10 1.89403E+10 2.14306E+10 2.36121E+10 2.55590E+10 2.73162E+10 2.89252E+10 3.04135E+10 % total
];

BU = [ 0.00000E+00 5.00000E+00 1.00000E+01 1.50000E+01 2.00000E+01 2.50000E+01 3.00000E+01 3.50000E+01 4.00000E+01 4.50000E+01 5.00000E+01 ];

DAYS = [ 0.00000E+00 6.96964E-01 1.39393E+00 2.09089E+00 2.78786E+00 3.48482E+00 4.18179E+00 4.87875E+00 5.57572E+00 6.27268E+00 6.96964E+00 ];
