
ZAI = [
70140
70150
922340
922350
922360
922380
942380
942390
942400
942410
942420
952410
952421
952430
962420
962440
666
0
];

NAMES = [
'N14             '
'N15             '
'U234            '
'U235            '
'U236            '
'U238            '
'Pu238           '
'Pu239           '
'Pu240           '
'Pu241           '
'Pu242           '
'Am241           '
'Am242m          '
'Am243           '
'Cm242           '
'Cm244           '
'lost            '
'total           '
];

i70140  = 1; iN14              = 1;
i70150  = 2; iN15              = 2;
i922340 = 3; iU234             = 3;
i922350 = 4; iU235             = 4;
i922360 = 5; iU236             = 5;
i922380 = 6; iU238             = 6;
i942380 = 7; iPu238            = 7;
i942390 = 8; iPu239            = 8;
i942400 = 9; iPu240            = 9;
i942410 = 10; iPu241            = 10;
i942420 = 11; iPu242            = 11;
i952410 = 12; iAm241            = 12;
i952421 = 13; iAm242m           = 13;
i952430 = 14; iAm243            = 14;
i962420 = 15; iCm242            = 15;
i962440 = 16; iCm244            = 16;
iLOST    = 17;
iTOT     = 18;

MAT_fuel_VOLUME = [ 4.34730E+06 4.34730E+06 4.34730E+06 4.34730E+06 4.34730E+06 4.34730E+06 4.34730E+06 4.34730E+06 4.34730E+06 4.34730E+06 4.34730E+06 4.34730E+06 4.34730E+06 4.34730E+06 4.34730E+06 4.34730E+06 ];

MAT_fuel_BURNUP = [ 0.00000E+00 1.00005E-01 5.00023E-01 1.17905E+01 2.30711E+01 3.43614E+01 4.56419E+01 5.69322E+01 6.82125E+01 7.95029E+01 9.07934E+01 1.02074E+02 1.13364E+02 1.24645E+02 1.35935E+02 1.58506E+02 ];

MAT_fuel_ADENS = [
0.00000E+00 1.29195E-18 3.23103E-17 1.82153E-14 7.05868E-14 1.58262E-13 2.81864E-13 4.42079E-13 6.39573E-13 8.75167E-13 1.14893E-12 1.46088E-12 1.81208E-12 2.20206E-12 2.63173E-12 3.60945E-12 % N14
0.00000E+00 1.02059E-11 5.63949E-11 1.26174E-09 2.55916E-09 3.89061E-09 5.19209E-09 6.19685E-09 7.43320E-09 8.80675E-09 1.00775E-08 1.12639E-08 1.25401E-08 1.37718E-08 1.50002E-08 1.73398E-08 % N15
0.00000E+00 8.95318E-09 4.46667E-08 1.05651E-06 2.17886E-06 3.43129E-06 4.78308E-06 6.20294E-06 7.65997E-06 9.13062E-06 1.05938E-05 1.20286E-05 1.34249E-05 1.47652E-05 1.60440E-05 1.83790E-05 % U234
0.00000E+00 4.80282E-10 2.43075E-09 6.80000E-08 1.53564E-07 2.59650E-07 3.85473E-07 5.31796E-07 6.96399E-07 8.78833E-07 1.07557E-06 1.28599E-06 1.50594E-06 1.73607E-06 1.97213E-06 2.45603E-06 % U235
0.00000E+00 9.09486E-10 4.62049E-09 1.07865E-07 2.12325E-07 3.18420E-07 4.26022E-07 5.32796E-07 6.44907E-07 7.62007E-07 8.81446E-07 1.00416E-06 1.13187E-06 1.26370E-06 1.39985E-06 1.68394E-06 % U236
1.97157E-02 1.97130E-02 1.97024E-02 1.94057E-02 1.91139E-02 1.88264E-02 1.85436E-02 1.82649E-02 1.79905E-02 1.77198E-02 1.74528E-02 1.71889E-02 1.69284E-02 1.66710E-02 1.64161E-02 1.59130E-02 % U238
1.14302E-04 1.14210E-04 1.13889E-04 1.24164E-04 1.44744E-04 1.63665E-04 1.79242E-04 1.91585E-04 2.01029E-04 2.07927E-04 2.12625E-04 2.15394E-04 2.16516E-04 2.16232E-04 2.14752E-04 2.08948E-04 % Pu238
1.69494E-03 1.69419E-03 1.69600E-03 1.76162E-03 1.81752E-03 1.86497E-03 1.90493E-03 1.93823E-03 1.96534E-03 1.98692E-03 2.00348E-03 2.01601E-03 2.02415E-03 2.02861E-03 2.02973E-03 2.02368E-03 % Pu239
7.77256E-04 7.77313E-04 7.77539E-04 7.85590E-04 7.96120E-04 8.08693E-04 8.22688E-04 8.37654E-04 8.53400E-04 8.69510E-04 8.85942E-04 9.02192E-04 9.18248E-04 9.33963E-04 9.49192E-04 9.77921E-04 % Pu240
4.21286E-04 4.20708E-04 4.18407E-04 3.59715E-04 3.11792E-04 2.72630E-04 2.40762E-04 2.14937E-04 1.93980E-04 1.77078E-04 1.63478E-04 1.52673E-04 1.44095E-04 1.37424E-04 1.32216E-04 1.25308E-04 % Pu241
2.57997E-04 2.58050E-04 2.58333E-04 2.65256E-04 2.70263E-04 2.73669E-04 2.75713E-04 2.76651E-04 2.76652E-04 2.75879E-04 2.74444E-04 2.72463E-04 2.70016E-04 2.67230E-04 2.64128E-04 2.57289E-04 % Pu242
6.04775E-04 6.04440E-04 6.03102E-04 5.65470E-04 5.28882E-04 4.93604E-04 4.59988E-04 4.28132E-04 3.98168E-04 3.70049E-04 3.43795E-04 3.19366E-04 2.96689E-04 2.75685E-04 2.56291E-04 2.21917E-04 % Am241
0.00000E+00 3.67194E-08 1.82647E-07 3.83015E-06 6.64216E-06 8.77373E-06 1.03407E-05 1.14515E-05 1.21897E-05 1.26302E-05 1.28313E-05 1.28421E-05 1.27039E-05 1.24526E-05 1.21138E-05 1.12639E-05 % Am242m
6.04775E-04 6.04364E-04 6.02742E-04 5.58989E-04 5.19150E-04 4.82732E-04 4.49511E-04 4.19065E-04 3.91187E-04 3.65561E-04 3.41987E-04 3.20281E-04 3.00251E-04 2.81730E-04 2.64610E-04 2.33959E-04 % Am243
0.00000E+00 2.55035E-07 1.57843E-06 1.77321E-05 1.92536E-05 1.83985E-05 1.71997E-05 1.60080E-05 1.48762E-05 1.38391E-05 1.28573E-05 1.19749E-05 1.11437E-05 1.03932E-05 9.69031E-06 8.47757E-06 % Cm242
0.00000E+00 3.95691E-07 1.99911E-06 4.33037E-05 7.73875E-05 1.05397E-04 1.28093E-04 1.46264E-04 1.60548E-04 1.71552E-04 1.79732E-04 1.85544E-04 1.89334E-04 1.91439E-04 1.92074E-04 1.89999E-04 % Cm244
0.00000E+00 0.00000E+00 0.00000E+00 0.00000E+00 0.00000E+00 0.00000E+00 0.00000E+00 0.00000E+00 0.00000E+00 0.00000E+00 0.00000E+00 0.00000E+00 0.00000E+00 0.00000E+00 0.00000E+00 0.00000E+00 % lost data
7.25730E-02 7.25755E-02 7.25856E-02 7.28931E-02 7.32138E-02 7.35362E-02 7.38577E-02 7.41784E-02 7.44975E-02 7.48156E-02 7.51325E-02 7.54477E-02 7.57618E-02 7.60745E-02 7.63862E-02 7.70058E-02 % total
];

