
ZAI = [
922340
922350
922360
922370
922380
922390
932360
932370
932380
932390
942360
942380
942390
942400
942410
942420
942430
952410
952420
952430
952440
952421
962420
962430
962440
962450
962460
962470
962480
962490
972490
972500
982490
982500
982510
360830
451030
451050
471090
531350
541310
541350
551330
551340
551350
551370
561400
571400
601430
601450
611470
611480
611490
611481
621470
621490
621500
621510
621520
631530
631540
631550
631560
641520
641540
641550
641560
641570
641600
666
0
];

NAMES = [
'U234            '
'U235            '
'U236            '
'U237            '
'U238            '
'U239            '
'Np236           '
'Np237           '
'Np238           '
'Np239           '
'Pu236           '
'Pu238           '
'Pu239           '
'Pu240           '
'Pu241           '
'Pu242           '
'Pu243           '
'Am241           '
'Am242           '
'Am243           '
'Am244           '
'Am242m          '
'Cm242           '
'Cm243           '
'Cm244           '
'Cm245           '
'Cm246           '
'Cm247           '
'Cm248           '
'Cm249           '
'Bk249           '
'Bk250           '
'Cf249           '
'Cf250           '
'Cf251           '
'Kr83            '
'Rh103           '
'Rh105           '
'Ag109           '
'I135            '
'Xe131           '
'Xe135           '
'Cs133           '
'Cs134           '
'Cs135           '
'Cs137           '
'Ba140           '
'La140           '
'Nd143           '
'Nd145           '
'Pm147           '
'Pm148           '
'Pm149           '
'Pm148m          '
'Sm147           '
'Sm149           '
'Sm150           '
'Sm151           '
'Sm152           '
'Eu153           '
'Eu154           '
'Eu155           '
'Eu156           '
'Gd152           '
'Gd154           '
'Gd155           '
'Gd156           '
'Gd157           '
'Gd160           '
'lost            '
'total           '
];

i922340 = 1; iU234             = 1;
i922350 = 2; iU235             = 2;
i922360 = 3; iU236             = 3;
i922370 = 4; iU237             = 4;
i922380 = 5; iU238             = 5;
i922390 = 6; iU239             = 6;
i932360 = 7; iNp236            = 7;
i932370 = 8; iNp237            = 8;
i932380 = 9; iNp238            = 9;
i932390 = 10; iNp239            = 10;
i942360 = 11; iPu236            = 11;
i942380 = 12; iPu238            = 12;
i942390 = 13; iPu239            = 13;
i942400 = 14; iPu240            = 14;
i942410 = 15; iPu241            = 15;
i942420 = 16; iPu242            = 16;
i942430 = 17; iPu243            = 17;
i952410 = 18; iAm241            = 18;
i952420 = 19; iAm242            = 19;
i952430 = 20; iAm243            = 20;
i952440 = 21; iAm244            = 21;
i952421 = 22; iAm242m           = 22;
i962420 = 23; iCm242            = 23;
i962430 = 24; iCm243            = 24;
i962440 = 25; iCm244            = 25;
i962450 = 26; iCm245            = 26;
i962460 = 27; iCm246            = 27;
i962470 = 28; iCm247            = 28;
i962480 = 29; iCm248            = 29;
i962490 = 30; iCm249            = 30;
i972490 = 31; iBk249            = 31;
i972500 = 32; iBk250            = 32;
i982490 = 33; iCf249            = 33;
i982500 = 34; iCf250            = 34;
i982510 = 35; iCf251            = 35;
i360830 = 36; iKr83             = 36;
i451030 = 37; iRh103            = 37;
i451050 = 38; iRh105            = 38;
i471090 = 39; iAg109            = 39;
i531350 = 40; iI135             = 40;
i541310 = 41; iXe131            = 41;
i541350 = 42; iXe135            = 42;
i551330 = 43; iCs133            = 43;
i551340 = 44; iCs134            = 44;
i551350 = 45; iCs135            = 45;
i551370 = 46; iCs137            = 46;
i561400 = 47; iBa140            = 47;
i571400 = 48; iLa140            = 48;
i601430 = 49; iNd143            = 49;
i601450 = 50; iNd145            = 50;
i611470 = 51; iPm147            = 51;
i611480 = 52; iPm148            = 52;
i611490 = 53; iPm149            = 53;
i611481 = 54; iPm148m           = 54;
i621470 = 55; iSm147            = 55;
i621490 = 56; iSm149            = 56;
i621500 = 57; iSm150            = 57;
i621510 = 58; iSm151            = 58;
i621520 = 59; iSm152            = 59;
i631530 = 60; iEu153            = 60;
i631540 = 61; iEu154            = 61;
i631550 = 62; iEu155            = 62;
i631560 = 63; iEu156            = 63;
i641520 = 64; iGd152            = 64;
i641540 = 65; iGd154            = 65;
i641550 = 66; iGd155            = 66;
i641560 = 67; iGd156            = 67;
i641570 = 68; iGd157            = 68;
i641600 = 69; iGd160            = 69;
iLOST    = 70;
iTOT     = 71;

MAT_UO2_VOLUME = [ 1.26221E+02 ];

MAT_UO2_BURNUP = [ 0.00000E+00 ];

MAT_UO2_ADENS = [
9.13612E-06 % U234
9.34722E-04 % U235
0.00000E+00 % U236
0.00000E+00 % U237
2.15230E-02 % U238
0.00000E+00 % U239
0.00000E+00 % Np236
0.00000E+00 % Np237
0.00000E+00 % Np238
0.00000E+00 % Np239
0.00000E+00 % Pu236
0.00000E+00 % Pu238
0.00000E+00 % Pu239
0.00000E+00 % Pu240
0.00000E+00 % Pu241
0.00000E+00 % Pu242
0.00000E+00 % Pu243
0.00000E+00 % Am241
0.00000E+00 % Am242
0.00000E+00 % Am243
0.00000E+00 % Am244
0.00000E+00 % Am242m
0.00000E+00 % Cm242
0.00000E+00 % Cm243
0.00000E+00 % Cm244
0.00000E+00 % Cm245
0.00000E+00 % Cm246
0.00000E+00 % Cm247
0.00000E+00 % Cm248
0.00000E+00 % Cm249
0.00000E+00 % Bk249
0.00000E+00 % Bk250
0.00000E+00 % Cf249
0.00000E+00 % Cf250
0.00000E+00 % Cf251
0.00000E+00 % Kr83
0.00000E+00 % Rh103
0.00000E+00 % Rh105
0.00000E+00 % Ag109
0.00000E+00 % I135
0.00000E+00 % Xe131
0.00000E+00 % Xe135
0.00000E+00 % Cs133
0.00000E+00 % Cs134
0.00000E+00 % Cs135
0.00000E+00 % Cs137
0.00000E+00 % Ba140
0.00000E+00 % La140
0.00000E+00 % Nd143
0.00000E+00 % Nd145
0.00000E+00 % Pm147
0.00000E+00 % Pm148
0.00000E+00 % Pm149
0.00000E+00 % Pm148m
0.00000E+00 % Sm147
0.00000E+00 % Sm149
0.00000E+00 % Sm150
0.00000E+00 % Sm151
0.00000E+00 % Sm152
0.00000E+00 % Eu153
0.00000E+00 % Eu154
0.00000E+00 % Eu155
0.00000E+00 % Eu156
0.00000E+00 % Gd152
0.00000E+00 % Gd154
0.00000E+00 % Gd155
0.00000E+00 % Gd156
0.00000E+00 % Gd157
0.00000E+00 % Gd160
0.00000E+00 % lost data
6.74020E-02 % total
];

MAT_UO2_MDENS = [
3.55067E-03 % U234
3.64828E-01 % U235
0.00000E+00 % U236
0.00000E+00 % U237
8.50804E+00 % U238
0.00000E+00 % U239
0.00000E+00 % Np236
0.00000E+00 % Np237
0.00000E+00 % Np238
0.00000E+00 % Np239
0.00000E+00 % Pu236
0.00000E+00 % Pu238
0.00000E+00 % Pu239
0.00000E+00 % Pu240
0.00000E+00 % Pu241
0.00000E+00 % Pu242
0.00000E+00 % Pu243
0.00000E+00 % Am241
0.00000E+00 % Am242
0.00000E+00 % Am243
0.00000E+00 % Am244
0.00000E+00 % Am242m
0.00000E+00 % Cm242
0.00000E+00 % Cm243
0.00000E+00 % Cm244
0.00000E+00 % Cm245
0.00000E+00 % Cm246
0.00000E+00 % Cm247
0.00000E+00 % Cm248
0.00000E+00 % Cm249
0.00000E+00 % Bk249
0.00000E+00 % Bk250
0.00000E+00 % Cf249
0.00000E+00 % Cf250
0.00000E+00 % Cf251
0.00000E+00 % Kr83
0.00000E+00 % Rh103
0.00000E+00 % Rh105
0.00000E+00 % Ag109
0.00000E+00 % I135
0.00000E+00 % Xe131
0.00000E+00 % Xe135
0.00000E+00 % Cs133
0.00000E+00 % Cs134
0.00000E+00 % Cs135
0.00000E+00 % Cs137
0.00000E+00 % Ba140
0.00000E+00 % La140
0.00000E+00 % Nd143
0.00000E+00 % Nd145
0.00000E+00 % Pm147
0.00000E+00 % Pm148
0.00000E+00 % Pm149
0.00000E+00 % Pm148m
0.00000E+00 % Sm147
0.00000E+00 % Sm149
0.00000E+00 % Sm150
0.00000E+00 % Sm151
0.00000E+00 % Sm152
0.00000E+00 % Eu153
0.00000E+00 % Eu154
0.00000E+00 % Eu155
0.00000E+00 % Eu156
0.00000E+00 % Gd152
0.00000E+00 % Gd154
0.00000E+00 % Gd155
0.00000E+00 % Gd156
0.00000E+00 % Gd157
0.00000E+00 % Gd160
0.00000E+00 % lost data
1.00699E+01 % total
];

