
ZAI = [
666
0
];

NAMES = [
'lost            '
'total           '
];

iLOST    = 1;
iTOT     = 2;

MAT_fuel_VOLUME = [ 6.88652E+03 6.88652E+03 6.88652E+03 6.88652E+03 6.88652E+03 6.88652E+03 6.88652E+03 6.88652E+03 6.88652E+03 6.88652E+03 6.88652E+03 ];

MAT_fuel_BURNUP = [ 0.00000E+00 5.00068E+00 1.00012E+01 1.50016E+01 2.00021E+01 2.50024E+01 3.00028E+01 3.50030E+01 4.00033E+01 4.50036E+01 5.00038E+01 ];

MAT_fuel_ADENS = [
0.00000E+00 0.00000E+00 0.00000E+00 0.00000E+00 0.00000E+00 0.00000E+00 0.00000E+00 0.00000E+00 0.00000E+00 0.00000E+00 0.00000E+00 % lost data
9.22417E-02 9.24047E-02 9.25677E-02 9.27307E-02 9.28936E-02 9.30563E-02 9.32188E-02 9.33811E-02 9.35431E-02 9.37049E-02 9.38664E-02 % total
];

MAT_fuel_MDENS = [
0.00000E+00 0.00000E+00 0.00000E+00 0.00000E+00 0.00000E+00 0.00000E+00 0.00000E+00 0.00000E+00 0.00000E+00 0.00000E+00 0.00000E+00 % lost data
1.37800E+01 1.37802E+01 1.37804E+01 1.37806E+01 1.37808E+01 1.37810E+01 1.37811E+01 1.37812E+01 1.37813E+01 1.37814E+01 1.37815E+01 % total
];

MAT_fuel_A = [
0.00000E+00 0.00000E+00 0.00000E+00 0.00000E+00 0.00000E+00 0.00000E+00 0.00000E+00 0.00000E+00 0.00000E+00 0.00000E+00 0.00000E+00 % lost data
1.31930E+09 1.36488E+20 1.49064E+20 1.56266E+20 1.59823E+20 1.61170E+20 1.61071E+20 1.59972E+20 1.58545E+20 1.56815E+20 1.54963E+20 % total
];

MAT_fuel_H = [
0.00000E+00 0.00000E+00 0.00000E+00 0.00000E+00 0.00000E+00 0.00000E+00 0.00000E+00 0.00000E+00 0.00000E+00 0.00000E+00 0.00000E+00 % lost data
9.24227E-04 4.08141E+07 4.26991E+07 4.36256E+07 4.39474E+07 4.38783E+07 4.35769E+07 4.31481E+07 4.26667E+07 4.21750E+07 4.16938E+07 % total
];

MAT_fuel_SF = [
0.00000E+00 0.00000E+00 0.00000E+00 0.00000E+00 0.00000E+00 0.00000E+00 0.00000E+00 0.00000E+00 0.00000E+00 0.00000E+00 0.00000E+00 % lost data
5.39958E+02 1.59914E+04 6.16665E+04 1.29445E+05 2.11739E+05 3.03769E+05 4.03278E+05 5.09279E+05 6.23129E+05 7.46758E+05 8.82798E+05 % total
];

MAT_fuel_GSRC = [
0.00000E+00 0.00000E+00 0.00000E+00 0.00000E+00 0.00000E+00 0.00000E+00 0.00000E+00 0.00000E+00 0.00000E+00 0.00000E+00 0.00000E+00 % lost data
5.05041E+08 1.38665E+20 1.56583E+20 1.68034E+20 1.74726E+20 1.78259E+20 1.79637E+20 1.79451E+20 1.78540E+20 1.77049E+20 1.75246E+20 % total
];

MAT_fuel_ING_TOX = [
0.00000E+00 0.00000E+00 0.00000E+00 0.00000E+00 0.00000E+00 0.00000E+00 0.00000E+00 0.00000E+00 0.00000E+00 0.00000E+00 0.00000E+00 % lost data
6.00291E+01 1.70323E+10 2.55319E+10 3.12520E+10 3.52661E+10 3.81555E+10 4.02615E+10 4.18054E+10 4.29774E+10 4.38730E+10 4.45676E+10 % total
];

MAT_fuel_INH_TOX = [
0.00000E+00 0.00000E+00 0.00000E+00 0.00000E+00 0.00000E+00 0.00000E+00 0.00000E+00 0.00000E+00 0.00000E+00 0.00000E+00 0.00000E+00 % lost data
1.07196E+04 1.28940E+10 2.07878E+10 2.66245E+10 3.10063E+10 3.43505E+10 3.69330E+10 3.89431E+10 4.05666E+10 4.18971E+10 4.30103E+10 % total
];

TOT_VOLUME = [ 6.88652E+03 6.88652E+03 6.88652E+03 6.88652E+03 6.88652E+03 6.88652E+03 6.88652E+03 6.88652E+03 6.88652E+03 6.88652E+03 6.88652E+03 ];

TOT_BURNUP = [ 0.00000E+00 5.00068E+00 1.00012E+01 1.50016E+01 2.00021E+01 2.50024E+01 3.00028E+01 3.50030E+01 4.00033E+01 4.50036E+01 5.00038E+01 ];

TOT_ADENS = [
0.00000E+00 0.00000E+00 0.00000E+00 0.00000E+00 0.00000E+00 0.00000E+00 0.00000E+00 0.00000E+00 0.00000E+00 0.00000E+00 0.00000E+00 % lost data
9.22417E-02 9.24047E-02 9.25677E-02 9.27307E-02 9.28936E-02 9.30563E-02 9.32188E-02 9.33811E-02 9.35431E-02 9.37049E-02 9.38664E-02 % total
];

TOT_MASS = [
0.00000E+00 0.00000E+00 0.00000E+00 0.00000E+00 0.00000E+00 0.00000E+00 0.00000E+00 0.00000E+00 0.00000E+00 0.00000E+00 0.00000E+00 % lost data
9.48962E+04 9.48975E+04 9.48989E+04 9.49003E+04 9.49017E+04 9.49029E+04 9.49039E+04 9.49048E+04 9.49055E+04 9.49060E+04 9.49064E+04 % total
];

TOT_A = [
0.00000E+00 0.00000E+00 0.00000E+00 0.00000E+00 0.00000E+00 0.00000E+00 0.00000E+00 0.00000E+00 0.00000E+00 0.00000E+00 0.00000E+00 % lost data
1.31930E+09 1.36488E+20 1.49064E+20 1.56266E+20 1.59823E+20 1.61170E+20 1.61071E+20 1.59972E+20 1.58545E+20 1.56815E+20 1.54963E+20 % total
];

TOT_H = [
0.00000E+00 0.00000E+00 0.00000E+00 0.00000E+00 0.00000E+00 0.00000E+00 0.00000E+00 0.00000E+00 0.00000E+00 0.00000E+00 0.00000E+00 % lost data
9.24227E-04 4.08141E+07 4.26991E+07 4.36256E+07 4.39474E+07 4.38783E+07 4.35769E+07 4.31481E+07 4.26667E+07 4.21750E+07 4.16938E+07 % total
];

TOT_SF = [
0.00000E+00 0.00000E+00 0.00000E+00 0.00000E+00 0.00000E+00 0.00000E+00 0.00000E+00 0.00000E+00 0.00000E+00 0.00000E+00 0.00000E+00 % lost data
5.39958E+02 1.59914E+04 6.16665E+04 1.29445E+05 2.11739E+05 3.03769E+05 4.03278E+05 5.09279E+05 6.23129E+05 7.46758E+05 8.82798E+05 % total
];

TOT_GSRC = [
0.00000E+00 0.00000E+00 0.00000E+00 0.00000E+00 0.00000E+00 0.00000E+00 0.00000E+00 0.00000E+00 0.00000E+00 0.00000E+00 0.00000E+00 % lost data
5.05041E+08 1.38665E+20 1.56583E+20 1.68034E+20 1.74726E+20 1.78259E+20 1.79637E+20 1.79451E+20 1.78540E+20 1.77049E+20 1.75246E+20 % total
];

TOT_ING_TOX = [
0.00000E+00 0.00000E+00 0.00000E+00 0.00000E+00 0.00000E+00 0.00000E+00 0.00000E+00 0.00000E+00 0.00000E+00 0.00000E+00 0.00000E+00 % lost data
6.00291E+01 1.70323E+10 2.55319E+10 3.12520E+10 3.52661E+10 3.81555E+10 4.02615E+10 4.18054E+10 4.29774E+10 4.38730E+10 4.45676E+10 % total
];

TOT_INH_TOX = [
0.00000E+00 0.00000E+00 0.00000E+00 0.00000E+00 0.00000E+00 0.00000E+00 0.00000E+00 0.00000E+00 0.00000E+00 0.00000E+00 0.00000E+00 % lost data
1.07196E+04 1.28940E+10 2.07878E+10 2.66245E+10 3.10063E+10 3.43505E+10 3.69330E+10 3.89431E+10 4.05666E+10 4.18971E+10 4.30103E+10 % total
];

BU = [ 0.00000E+00 5.00000E+00 1.00000E+01 1.50000E+01 2.00000E+01 2.50000E+01 3.00000E+01 3.50000E+01 4.00000E+01 4.50000E+01 5.00000E+01 ];

DAYS = [ 0.00000E+00 6.97069E-01 1.39414E+00 2.09121E+00 2.78828E+00 3.48534E+00 4.18241E+00 4.87948E+00 5.57655E+00 6.27362E+00 6.97069E+00 ];
