
ZAI = [
70140
70150
922340
922350
922360
922380
942380
942390
942400
942410
942420
952410
952421
952430
962420
962440
666
0
];

NAMES = [
'N14             '
'N15             '
'U234            '
'U235            '
'U236            '
'U238            '
'Pu238           '
'Pu239           '
'Pu240           '
'Pu241           '
'Pu242           '
'Am241           '
'Am242m          '
'Am243           '
'Cm242           '
'Cm244           '
'lost            '
'total           '
];

i70140  = 1; iN14              = 1;
i70150  = 2; iN15              = 2;
i922340 = 3; iU234             = 3;
i922350 = 4; iU235             = 4;
i922360 = 5; iU236             = 5;
i922380 = 6; iU238             = 6;
i942380 = 7; iPu238            = 7;
i942390 = 8; iPu239            = 8;
i942400 = 9; iPu240            = 9;
i942410 = 10; iPu241            = 10;
i942420 = 11; iPu242            = 11;
i952410 = 12; iAm241            = 12;
i952421 = 13; iAm242m           = 13;
i952430 = 14; iAm243            = 14;
i962420 = 15; iCm242            = 15;
i962440 = 16; iCm244            = 16;
iLOST    = 17;
iTOT     = 18;

MAT_fuel_VOLUME = [ 4.34730E+06 4.34730E+06 4.34730E+06 4.34730E+06 4.34730E+06 4.34730E+06 4.34730E+06 4.34730E+06 4.34730E+06 4.34730E+06 4.34730E+06 4.34730E+06 4.34730E+06 4.34730E+06 4.34730E+06 4.34730E+06 ];

MAT_fuel_BURNUP = [ 0.00000E+00 1.00007E-01 5.00026E-01 1.17904E+01 2.30708E+01 3.43612E+01 4.56418E+01 5.69324E+01 6.82128E+01 7.95032E+01 9.07936E+01 1.02074E+02 1.13364E+02 1.24645E+02 1.35935E+02 1.58505E+02 ];

MAT_fuel_ADENS = [
0.00000E+00 1.29469E-18 3.22929E-17 1.81967E-14 7.04462E-14 1.57804E-13 2.81027E-13 4.40997E-13 6.38041E-13 8.73201E-13 1.14625E-12 1.45763E-12 1.80784E-12 2.19660E-12 2.62503E-12 3.60109E-12 % N14
0.00000E+00 1.32628E-11 5.36944E-11 1.33855E-09 2.54788E-09 3.64386E-09 4.78713E-09 5.95564E-09 7.10476E-09 8.45431E-09 9.56960E-09 1.07915E-08 1.18820E-08 1.29229E-08 1.40183E-08 1.66839E-08 % N15
0.00000E+00 9.13123E-09 4.55562E-08 1.07590E-06 2.21230E-06 3.47561E-06 4.83478E-06 6.26241E-06 7.72714E-06 9.20708E-06 1.06782E-05 1.21227E-05 1.35309E-05 1.48815E-05 1.61712E-05 1.85318E-05 % U234
0.00000E+00 4.89865E-10 2.47905E-09 6.90725E-08 1.55534E-07 2.62243E-07 3.90094E-07 5.37027E-07 7.02364E-07 8.84485E-07 1.08294E-06 1.29411E-06 1.51368E-06 1.74525E-06 1.98275E-06 2.46702E-06 % U235
0.00000E+00 9.57705E-10 4.65491E-09 1.10572E-07 2.15843E-07 3.21079E-07 4.28706E-07 5.38827E-07 6.51493E-07 7.69578E-07 8.88850E-07 1.01315E-06 1.14042E-06 1.27119E-06 1.40703E-06 1.69695E-06 % U236
1.96500E-02 1.96474E-02 1.96371E-02 1.93460E-02 1.90587E-02 1.87754E-02 1.84959E-02 1.82205E-02 1.79485E-02 1.76803E-02 1.74152E-02 1.71539E-02 1.68955E-02 1.66398E-02 1.63863E-02 1.58858E-02 % U238
1.16574E-04 1.16481E-04 1.16158E-04 1.26021E-04 1.46154E-04 1.64765E-04 1.80201E-04 1.92504E-04 2.01992E-04 2.08999E-04 2.13778E-04 2.16660E-04 2.17894E-04 2.17703E-04 2.16314E-04 2.10675E-04 % Pu238
1.72881E-03 1.72803E-03 1.72965E-03 1.79018E-03 1.84196E-03 1.88577E-03 1.92285E-03 1.95335E-03 1.97846E-03 1.99827E-03 2.01338E-03 2.02406E-03 2.03086E-03 2.03427E-03 2.03461E-03 2.02710E-03 % Pu239
7.92798E-04 7.92853E-04 7.93071E-04 8.00789E-04 8.10971E-04 8.23085E-04 8.36674E-04 8.51236E-04 8.66609E-04 8.82238E-04 8.98161E-04 9.13916E-04 9.29421E-04 9.44637E-04 9.59448E-04 9.87497E-04 % Pu240
4.29698E-04 4.29114E-04 4.26791E-04 3.67483E-04 3.18848E-04 2.79019E-04 2.46520E-04 2.19998E-04 1.98556E-04 1.81156E-04 1.67136E-04 1.55913E-04 1.46969E-04 1.39941E-04 1.34423E-04 1.27153E-04 % Pu241
2.63145E-04 2.63197E-04 2.63474E-04 2.70228E-04 2.75151E-04 2.78486E-04 2.80523E-04 2.81425E-04 2.81404E-04 2.80593E-04 2.79139E-04 2.77135E-04 2.74673E-04 2.71826E-04 2.68675E-04 2.61696E-04 % Pu242
6.04765E-04 6.04444E-04 6.03159E-04 5.66951E-04 5.31332E-04 4.96802E-04 4.63651E-04 4.32140E-04 4.02296E-04 3.74291E-04 3.48034E-04 3.23596E-04 3.00864E-04 2.79762E-04 2.60219E-04 2.25487E-04 % Am241
0.00000E+00 3.59796E-08 1.79248E-07 3.76553E-06 6.56024E-06 8.69275E-06 1.02777E-05 1.14084E-05 1.21749E-05 1.26383E-05 1.28628E-05 1.28933E-05 1.27713E-05 1.25341E-05 1.22077E-05 1.13766E-05 % Am242m
6.04765E-04 6.04363E-04 6.02775E-04 5.59914E-04 5.20665E-04 4.84703E-04 4.51724E-04 4.21494E-04 3.93706E-04 3.68168E-04 3.44626E-04 3.22954E-04 3.02931E-04 2.84407E-04 2.67246E-04 2.36506E-04 % Am243
0.00000E+00 2.49905E-07 1.54903E-06 1.74200E-05 1.90174E-05 1.82447E-05 1.71362E-05 1.59796E-05 1.49228E-05 1.38652E-05 1.29333E-05 1.20380E-05 1.12101E-05 1.04726E-05 9.78037E-06 8.58245E-06 % Cm242
0.00000E+00 3.87795E-07 1.96048E-06 4.24956E-05 7.62071E-05 1.03999E-04 1.26693E-04 1.44921E-04 1.59400E-04 1.70532E-04 1.78912E-04 1.84870E-04 1.88814E-04 1.91071E-04 1.91867E-04 1.90121E-04 % Cm244
0.00000E+00 0.00000E+00 0.00000E+00 0.00000E+00 0.00000E+00 0.00000E+00 0.00000E+00 0.00000E+00 0.00000E+00 0.00000E+00 0.00000E+00 0.00000E+00 0.00000E+00 0.00000E+00 0.00000E+00 0.00000E+00 % lost data
7.25718E-02 7.25743E-02 7.25845E-02 7.28914E-02 7.32115E-02 7.35335E-02 7.38547E-02 7.41753E-02 7.44944E-02 7.48125E-02 7.51294E-02 7.54447E-02 7.57589E-02 7.60717E-02 7.63835E-02 7.70035E-02 % total
];

