
ZAI = [
666
0
];

NAMES = [
'lost            '
'total           '
];

iLOST    = 1;
iTOT     = 2;

MAT_fuel_VOLUME = [ 6.88652E+03 6.88652E+03 6.88652E+03 6.88652E+03 6.88652E+03 6.88652E+03 6.88652E+03 6.88652E+03 6.88652E+03 6.88652E+03 6.88652E+03 ];

MAT_fuel_BURNUP = [ 0.00000E+00 5.00058E+00 1.00011E+01 1.50017E+01 2.00021E+01 2.50026E+01 3.00030E+01 3.50034E+01 4.00037E+01 4.50040E+01 5.00043E+01 ];

MAT_fuel_ADENS = [
0.00000E+00 0.00000E+00 0.00000E+00 0.00000E+00 0.00000E+00 0.00000E+00 0.00000E+00 0.00000E+00 0.00000E+00 0.00000E+00 0.00000E+00 % lost data
9.22931E-02 9.24560E-02 9.26190E-02 9.27819E-02 9.29448E-02 9.31077E-02 9.32704E-02 9.34330E-02 9.35955E-02 9.37578E-02 9.39200E-02 % total
];

MAT_fuel_MDENS = [
0.00000E+00 0.00000E+00 0.00000E+00 0.00000E+00 0.00000E+00 0.00000E+00 0.00000E+00 0.00000E+00 0.00000E+00 0.00000E+00 0.00000E+00 % lost data
1.37800E+01 1.37799E+01 1.37798E+01 1.37798E+01 1.37797E+01 1.37797E+01 1.37796E+01 1.37796E+01 1.37796E+01 1.37795E+01 1.37795E+01 % total
];

MAT_fuel_A = [
0.00000E+00 0.00000E+00 0.00000E+00 0.00000E+00 0.00000E+00 0.00000E+00 0.00000E+00 0.00000E+00 0.00000E+00 0.00000E+00 0.00000E+00 % lost data
1.59855E+09 1.11788E+20 1.20160E+20 1.25678E+20 1.29633E+20 1.32596E+20 1.34823E+20 1.36448E+20 1.37663E+20 1.38478E+20 1.39095E+20 % total
];

MAT_fuel_H = [
0.00000E+00 0.00000E+00 0.00000E+00 0.00000E+00 0.00000E+00 0.00000E+00 0.00000E+00 0.00000E+00 0.00000E+00 0.00000E+00 0.00000E+00 % lost data
1.13694E-03 3.79305E+07 3.90593E+07 3.97095E+07 4.01193E+07 4.03681E+07 4.05021E+07 4.05540E+07 4.05399E+07 4.04844E+07 4.03894E+07 % total
];

MAT_fuel_SF = [
0.00000E+00 0.00000E+00 0.00000E+00 0.00000E+00 0.00000E+00 0.00000E+00 0.00000E+00 0.00000E+00 0.00000E+00 0.00000E+00 0.00000E+00 % lost data
5.11849E+02 4.86120E+03 1.83681E+04 3.98455E+04 6.81438E+04 1.02314E+05 1.41507E+05 1.85093E+05 2.32619E+05 2.83882E+05 3.39198E+05 % total
];

MAT_fuel_GSRC = [
0.00000E+00 0.00000E+00 0.00000E+00 0.00000E+00 0.00000E+00 0.00000E+00 0.00000E+00 0.00000E+00 0.00000E+00 0.00000E+00 0.00000E+00 % lost data
9.18414E+08 1.16059E+20 1.26793E+20 1.34483E+20 1.40237E+20 1.44657E+20 1.48045E+20 1.50589E+20 1.52520E+20 1.53885E+20 1.54923E+20 % total
];

MAT_fuel_ING_TOX = [
0.00000E+00 0.00000E+00 0.00000E+00 0.00000E+00 0.00000E+00 0.00000E+00 0.00000E+00 0.00000E+00 0.00000E+00 0.00000E+00 0.00000E+00 % lost data
7.32569E+01 1.41287E+10 2.08908E+10 2.55612E+10 2.90748E+10 3.18467E+10 3.40988E+10 3.59635E+10 3.75402E+10 3.88821E+10 4.00503E+10 % total
];

MAT_fuel_INH_TOX = [
0.00000E+00 0.00000E+00 0.00000E+00 0.00000E+00 0.00000E+00 0.00000E+00 0.00000E+00 0.00000E+00 0.00000E+00 0.00000E+00 0.00000E+00 % lost data
1.31190E+04 9.35198E+09 1.49548E+10 1.93003E+10 2.28354E+10 2.57965E+10 2.83251E+10 3.05120E+10 3.24384E+10 3.41448E+10 3.56891E+10 % total
];

TOT_VOLUME = [ 6.88652E+03 6.88652E+03 6.88652E+03 6.88652E+03 6.88652E+03 6.88652E+03 6.88652E+03 6.88652E+03 6.88652E+03 6.88652E+03 6.88652E+03 ];

TOT_BURNUP = [ 0.00000E+00 5.00058E+00 1.00011E+01 1.50017E+01 2.00021E+01 2.50026E+01 3.00030E+01 3.50034E+01 4.00037E+01 4.50040E+01 5.00043E+01 ];

TOT_ADENS = [
0.00000E+00 0.00000E+00 0.00000E+00 0.00000E+00 0.00000E+00 0.00000E+00 0.00000E+00 0.00000E+00 0.00000E+00 0.00000E+00 0.00000E+00 % lost data
9.22931E-02 9.24560E-02 9.26190E-02 9.27819E-02 9.29448E-02 9.31077E-02 9.32704E-02 9.34330E-02 9.35955E-02 9.37578E-02 9.39200E-02 % total
];

TOT_MASS = [
0.00000E+00 0.00000E+00 0.00000E+00 0.00000E+00 0.00000E+00 0.00000E+00 0.00000E+00 0.00000E+00 0.00000E+00 0.00000E+00 0.00000E+00 % lost data
9.48962E+04 9.48957E+04 9.48952E+04 9.48948E+04 9.48944E+04 9.48941E+04 9.48938E+04 9.48935E+04 9.48932E+04 9.48929E+04 9.48926E+04 % total
];

TOT_A = [
0.00000E+00 0.00000E+00 0.00000E+00 0.00000E+00 0.00000E+00 0.00000E+00 0.00000E+00 0.00000E+00 0.00000E+00 0.00000E+00 0.00000E+00 % lost data
1.59855E+09 1.11788E+20 1.20160E+20 1.25678E+20 1.29633E+20 1.32596E+20 1.34823E+20 1.36448E+20 1.37663E+20 1.38478E+20 1.39095E+20 % total
];

TOT_H = [
0.00000E+00 0.00000E+00 0.00000E+00 0.00000E+00 0.00000E+00 0.00000E+00 0.00000E+00 0.00000E+00 0.00000E+00 0.00000E+00 0.00000E+00 % lost data
1.13694E-03 3.79305E+07 3.90593E+07 3.97095E+07 4.01193E+07 4.03681E+07 4.05021E+07 4.05540E+07 4.05399E+07 4.04844E+07 4.03894E+07 % total
];

TOT_SF = [
0.00000E+00 0.00000E+00 0.00000E+00 0.00000E+00 0.00000E+00 0.00000E+00 0.00000E+00 0.00000E+00 0.00000E+00 0.00000E+00 0.00000E+00 % lost data
5.11849E+02 4.86120E+03 1.83681E+04 3.98455E+04 6.81438E+04 1.02314E+05 1.41507E+05 1.85093E+05 2.32619E+05 2.83882E+05 3.39198E+05 % total
];

TOT_GSRC = [
0.00000E+00 0.00000E+00 0.00000E+00 0.00000E+00 0.00000E+00 0.00000E+00 0.00000E+00 0.00000E+00 0.00000E+00 0.00000E+00 0.00000E+00 % lost data
9.18414E+08 1.16059E+20 1.26793E+20 1.34483E+20 1.40237E+20 1.44657E+20 1.48045E+20 1.50589E+20 1.52520E+20 1.53885E+20 1.54923E+20 % total
];

TOT_ING_TOX = [
0.00000E+00 0.00000E+00 0.00000E+00 0.00000E+00 0.00000E+00 0.00000E+00 0.00000E+00 0.00000E+00 0.00000E+00 0.00000E+00 0.00000E+00 % lost data
7.32569E+01 1.41287E+10 2.08908E+10 2.55612E+10 2.90748E+10 3.18467E+10 3.40988E+10 3.59635E+10 3.75402E+10 3.88821E+10 4.00503E+10 % total
];

TOT_INH_TOX = [
0.00000E+00 0.00000E+00 0.00000E+00 0.00000E+00 0.00000E+00 0.00000E+00 0.00000E+00 0.00000E+00 0.00000E+00 0.00000E+00 0.00000E+00 % lost data
1.31190E+04 9.35198E+09 1.49548E+10 1.93003E+10 2.28354E+10 2.57965E+10 2.83251E+10 3.05120E+10 3.24384E+10 3.41448E+10 3.56891E+10 % total
];

BU = [ 0.00000E+00 5.00000E+00 1.00000E+01 1.50000E+01 2.00000E+01 2.50000E+01 3.00000E+01 3.50000E+01 4.00000E+01 4.50000E+01 5.00000E+01 ];

DAYS = [ 0.00000E+00 6.97017E-01 1.39403E+00 2.09105E+00 2.78807E+00 3.48508E+00 4.18210E+00 4.87912E+00 5.57613E+00 6.27315E+00 6.97017E+00 ];
