
ZAI = [
70140
70150
922340
922350
922360
922380
942380
942390
942400
942410
942420
952410
952421
952430
962420
962440
666
0
];

NAMES = [
'N14             '
'N15             '
'U234            '
'U235            '
'U236            '
'U238            '
'Pu238           '
'Pu239           '
'Pu240           '
'Pu241           '
'Pu242           '
'Am241           '
'Am242m          '
'Am243           '
'Cm242           '
'Cm244           '
'lost            '
'total           '
];

i70140  = 1; iN14              = 1;
i70150  = 2; iN15              = 2;
i922340 = 3; iU234             = 3;
i922350 = 4; iU235             = 4;
i922360 = 5; iU236             = 5;
i922380 = 6; iU238             = 6;
i942380 = 7; iPu238            = 7;
i942390 = 8; iPu239            = 8;
i942400 = 9; iPu240            = 9;
i942410 = 10; iPu241            = 10;
i942420 = 11; iPu242            = 11;
i952410 = 12; iAm241            = 12;
i952421 = 13; iAm242m           = 13;
i952430 = 14; iAm243            = 14;
i962420 = 15; iCm242            = 15;
i962440 = 16; iCm244            = 16;
iLOST    = 17;
iTOT     = 18;

MAT_fuel_VOLUME = [ 4.34730E+06 4.34730E+06 4.34730E+06 4.34730E+06 4.34730E+06 4.34730E+06 4.34730E+06 4.34730E+06 4.34730E+06 4.34730E+06 4.34730E+06 4.34730E+06 4.34730E+06 4.34730E+06 4.34730E+06 4.34730E+06 ];

MAT_fuel_BURNUP = [ 0.00000E+00 1.00006E-01 5.00025E-01 1.17908E+01 2.30713E+01 3.43618E+01 4.56422E+01 5.69326E+01 6.82133E+01 7.95039E+01 9.07943E+01 1.02075E+02 1.13365E+02 1.24645E+02 1.35936E+02 1.58507E+02 ];

MAT_fuel_ADENS = [
0.00000E+00 1.28046E-18 3.21272E-17 1.81887E-14 7.06566E-14 1.58621E-13 2.82819E-13 4.44392E-13 6.43358E-13 8.80914E-13 1.15729E-12 1.47229E-12 1.82689E-12 2.22114E-12 2.65565E-12 3.64487E-12 % N14
0.00000E+00 9.58898E-12 5.70532E-11 1.40022E-09 2.71822E-09 3.96681E-09 5.15972E-09 6.52382E-09 7.61737E-09 8.83190E-09 1.01391E-08 1.13098E-08 1.24499E-08 1.38264E-08 1.51763E-08 1.78670E-08 % N15
0.00000E+00 8.17084E-09 4.07576E-08 9.71682E-07 2.03297E-06 3.23959E-06 4.55315E-06 5.93958E-06 7.36357E-06 8.80046E-06 1.02274E-05 1.16232E-05 1.29771E-05 1.42750E-05 1.55070E-05 1.77498E-05 % U234
0.00000E+00 4.38409E-10 2.22086E-09 6.34089E-08 1.45069E-07 2.47826E-07 3.71904E-07 5.15721E-07 6.78211E-07 8.57732E-07 1.05144E-06 1.25826E-06 1.47479E-06 1.69864E-06 1.93006E-06 2.39792E-06 % U235
0.00000E+00 8.34224E-10 4.28355E-09 1.00768E-07 1.97720E-07 2.95323E-07 3.94545E-07 4.98523E-07 6.03064E-07 7.12688E-07 8.27413E-07 9.45009E-07 1.06701E-06 1.19560E-06 1.32882E-06 1.60893E-06 % U236
2.00026E-02 1.99997E-02 1.99881E-02 1.96648E-02 1.93502E-02 1.90435E-02 1.87442E-02 1.84509E-02 1.81639E-02 1.78823E-02 1.76057E-02 1.73335E-02 1.70653E-02 1.68005E-02 1.65391E-02 1.60247E-02 % U238
1.04319E-04 1.04229E-04 1.03921E-04 1.16031E-04 1.38704E-04 1.58933E-04 1.75153E-04 1.87688E-04 1.96996E-04 2.03571E-04 2.07832E-04 2.10096E-04 2.10742E-04 2.09995E-04 2.08102E-04 2.01582E-04 % Pu238
1.54691E-03 1.54626E-03 1.54897E-03 1.63957E-03 1.71612E-03 1.78043E-03 1.83433E-03 1.87933E-03 1.91625E-03 1.94604E-03 1.96948E-03 1.98756E-03 2.00073E-03 2.00974E-03 2.01464E-03 2.01448E-03 % Pu239
7.09380E-04 7.09440E-04 7.09693E-04 7.18819E-04 7.31019E-04 7.45461E-04 7.61540E-04 7.78789E-04 7.96837E-04 8.15309E-04 8.33766E-04 8.52197E-04 8.70240E-04 8.88042E-04 9.05193E-04 9.37569E-04 % Pu240
3.84495E-04 3.83942E-04 3.81736E-04 3.25940E-04 2.81257E-04 2.45323E-04 2.16548E-04 1.93478E-04 1.75005E-04 1.60260E-04 1.48626E-04 1.39501E-04 1.32339E-04 1.26859E-04 1.22732E-04 1.17581E-04 % Pu241
2.35468E-04 2.35526E-04 2.35837E-04 2.43385E-04 2.48779E-04 2.52422E-04 2.54637E-04 2.55692E-04 2.55814E-04 2.55144E-04 2.53846E-04 2.52020E-04 2.49786E-04 2.47230E-04 2.44374E-04 2.38032E-04 % Pu242
6.04819E-04 6.04423E-04 6.02835E-04 5.59155E-04 5.18053E-04 4.79609E-04 4.43858E-04 4.10610E-04 3.79855E-04 3.51415E-04 3.25214E-04 3.01073E-04 2.78868E-04 2.58441E-04 2.39713E-04 2.06886E-04 % Am241
0.00000E+00 3.98950E-08 1.98929E-07 4.09547E-06 6.99791E-06 9.11499E-06 1.06110E-05 1.16238E-05 1.22548E-05 1.25879E-05 1.26885E-05 1.26113E-05 1.23986E-05 1.20860E-05 1.16975E-05 1.07835E-05 % Am242m
6.04819E-04 6.04370E-04 6.02591E-04 5.55049E-04 5.12432E-04 4.74089E-04 4.39534E-04 4.08195E-04 3.79741E-04 3.53818E-04 3.30122E-04 3.08432E-04 2.88497E-04 2.70130E-04 2.53211E-04 2.23165E-04 % Am243
0.00000E+00 2.77118E-07 1.71943E-06 1.90098E-05 2.02917E-05 1.90498E-05 1.75321E-05 1.61155E-05 1.48243E-05 1.36386E-05 1.25655E-05 1.16192E-05 1.07449E-05 9.98540E-06 9.26792E-06 8.04068E-06 % Cm242
0.00000E+00 4.30395E-07 2.17825E-06 4.66555E-05 8.26104E-05 1.11441E-04 1.34282E-04 1.52218E-04 1.65993E-04 1.76287E-04 1.83678E-04 1.88661E-04 1.91602E-04 1.92908E-04 1.92798E-04 1.89295E-04 % Cm244
0.00000E+00 0.00000E+00 0.00000E+00 0.00000E+00 0.00000E+00 0.00000E+00 0.00000E+00 0.00000E+00 0.00000E+00 0.00000E+00 0.00000E+00 0.00000E+00 0.00000E+00 0.00000E+00 0.00000E+00 0.00000E+00 % lost data
7.25783E-02 7.25808E-02 7.25910E-02 7.29005E-02 7.32235E-02 7.35477E-02 7.38704E-02 7.41918E-02 7.45112E-02 7.48294E-02 7.51459E-02 7.54607E-02 7.57743E-02 7.60863E-02 7.63972E-02 7.70153E-02 % total
];

