
ZAI = [
70140
70150
922340
922350
922360
922380
942380
942390
942400
942410
942420
952410
952421
952430
962420
962440
666
0
];

NAMES = [
'N14             '
'N15             '
'U234            '
'U235            '
'U236            '
'U238            '
'Pu238           '
'Pu239           '
'Pu240           '
'Pu241           '
'Pu242           '
'Am241           '
'Am242m          '
'Am243           '
'Cm242           '
'Cm244           '
'lost            '
'total           '
];

i70140  = 1; iN14              = 1;
i70150  = 2; iN15              = 2;
i922340 = 3; iU234             = 3;
i922350 = 4; iU235             = 4;
i922360 = 5; iU236             = 5;
i922380 = 6; iU238             = 6;
i942380 = 7; iPu238            = 7;
i942390 = 8; iPu239            = 8;
i942400 = 9; iPu240            = 9;
i942410 = 10; iPu241            = 10;
i942420 = 11; iPu242            = 11;
i952410 = 12; iAm241            = 12;
i952421 = 13; iAm242m           = 13;
i952430 = 14; iAm243            = 14;
i962420 = 15; iCm242            = 15;
i962440 = 16; iCm244            = 16;
iLOST    = 17;
iTOT     = 18;

MAT_fuel_VOLUME = [ 4.34730E+06 4.34730E+06 4.34730E+06 4.34730E+06 4.34730E+06 4.34730E+06 4.34730E+06 4.34730E+06 4.34730E+06 4.34730E+06 4.34730E+06 4.34730E+06 4.34730E+06 4.34730E+06 4.34730E+06 4.34730E+06 ];

MAT_fuel_BURNUP = [ 0.00000E+00 1.00006E-01 5.00029E-01 1.17907E+01 2.30711E+01 3.43617E+01 4.56421E+01 5.69324E+01 6.82129E+01 7.95034E+01 9.07939E+01 1.02074E+02 1.13365E+02 1.24645E+02 1.35936E+02 1.58506E+02 ];

MAT_fuel_ADENS = [
0.00000E+00 1.29046E-18 3.23149E-17 1.82017E-14 7.05227E-14 1.58094E-13 2.81669E-13 4.41997E-13 6.39384E-13 8.74673E-13 1.14809E-12 1.45989E-12 1.81041E-12 2.19951E-12 2.62835E-12 3.60478E-12 % N14
0.00000E+00 9.99553E-12 6.14019E-11 1.23389E-09 2.45229E-09 3.69152E-09 5.11382E-09 6.37212E-09 7.63066E-09 8.89063E-09 1.01046E-08 1.14402E-08 1.25118E-08 1.35041E-08 1.45520E-08 1.68667E-08 % N15
0.00000E+00 9.01947E-09 4.49975E-08 1.06365E-06 2.19137E-06 3.44745E-06 4.80171E-06 6.22472E-06 7.68458E-06 9.15861E-06 1.06243E-05 1.20641E-05 1.34626E-05 1.48077E-05 1.60902E-05 1.84374E-05 % U234
0.00000E+00 4.83832E-10 2.44900E-09 6.85227E-08 1.54324E-07 2.60981E-07 3.87919E-07 5.34380E-07 6.99089E-07 8.81069E-07 1.07847E-06 1.28741E-06 1.50922E-06 1.73860E-06 1.97493E-06 2.45599E-06 % U235
0.00000E+00 9.14028E-10 4.70339E-09 1.08156E-07 2.12598E-07 3.18035E-07 4.27460E-07 5.37408E-07 6.50195E-07 7.66430E-07 8.85890E-07 1.01025E-06 1.13637E-06 1.26624E-06 1.40129E-06 1.68585E-06 % U236
1.96913E-02 1.96887E-02 1.96782E-02 1.93839E-02 1.90936E-02 1.88075E-02 1.85260E-02 1.82485E-02 1.79756E-02 1.77059E-02 1.74395E-02 1.71768E-02 1.69174E-02 1.66603E-02 1.64058E-02 1.59041E-02 % U238
1.15148E-04 1.15055E-04 1.14734E-04 1.24864E-04 1.45276E-04 1.64082E-04 1.79610E-04 1.91949E-04 2.01375E-04 2.08285E-04 2.13010E-04 2.15824E-04 2.16992E-04 2.16731E-04 2.15285E-04 2.09532E-04 % Pu238
1.70749E-03 1.70672E-03 1.70845E-03 1.77184E-03 1.82647E-03 1.87268E-03 1.91162E-03 1.94369E-03 1.96970E-03 1.99055E-03 2.00673E-03 2.01839E-03 2.02584E-03 2.03023E-03 2.03111E-03 2.02441E-03 % Pu239
7.83009E-04 7.83064E-04 7.83288E-04 7.91263E-04 8.01718E-04 8.14106E-04 8.27942E-04 8.42839E-04 8.58295E-04 8.74209E-04 8.90389E-04 9.06500E-04 9.22207E-04 9.37802E-04 9.52920E-04 9.81253E-04 % Pu240
4.24404E-04 4.23824E-04 4.21516E-04 3.62576E-04 3.14339E-04 2.74988E-04 2.42885E-04 2.16793E-04 1.95631E-04 1.78530E-04 1.64771E-04 1.53744E-04 1.45010E-04 1.38211E-04 1.32925E-04 1.25871E-04 % Pu241
2.59906E-04 2.59959E-04 2.60240E-04 2.67110E-04 2.72081E-04 2.75467E-04 2.77507E-04 2.78432E-04 2.78410E-04 2.77618E-04 2.76144E-04 2.74165E-04 2.71719E-04 2.68897E-04 2.65780E-04 2.58849E-04 % Pu242
6.04771E-04 6.04441E-04 6.03125E-04 5.66041E-04 5.29798E-04 4.94732E-04 4.61314E-04 4.29584E-04 3.99746E-04 3.71671E-04 3.45407E-04 3.20974E-04 2.98306E-04 2.77239E-04 2.57759E-04 2.23246E-04 % Am241
0.00000E+00 3.64067E-08 1.81207E-07 3.80466E-06 6.61154E-06 8.74707E-06 1.03192E-05 1.14380E-05 1.21823E-05 1.26311E-05 1.28397E-05 1.28583E-05 1.27262E-05 1.24807E-05 1.21475E-05 1.13035E-05 % Am242m
6.04771E-04 6.04364E-04 6.02755E-04 5.59347E-04 5.19721E-04 4.83441E-04 4.50336E-04 4.19987E-04 3.92168E-04 3.66570E-04 3.43035E-04 3.21349E-04 3.01330E-04 2.82802E-04 2.65632E-04 2.34987E-04 % Am243
0.00000E+00 2.52901E-07 1.56597E-06 1.76018E-05 1.91608E-05 1.83565E-05 1.71674E-05 1.59964E-05 1.48593E-05 1.38371E-05 1.28880E-05 1.19990E-05 1.11519E-05 1.04300E-05 9.73422E-06 8.51324E-06 % Cm242
0.00000E+00 3.92147E-07 1.98288E-06 4.29739E-05 7.69473E-05 1.04913E-04 1.27561E-04 1.45746E-04 1.60041E-04 1.71100E-04 1.79364E-04 1.85220E-04 1.89065E-04 1.91257E-04 1.91996E-04 1.90024E-04 % Cm244
0.00000E+00 0.00000E+00 0.00000E+00 0.00000E+00 0.00000E+00 0.00000E+00 0.00000E+00 0.00000E+00 0.00000E+00 0.00000E+00 0.00000E+00 0.00000E+00 0.00000E+00 0.00000E+00 0.00000E+00 0.00000E+00 % lost data
7.25725E-02 7.25750E-02 7.25852E-02 7.28924E-02 7.32129E-02 7.35352E-02 7.38565E-02 7.41771E-02 7.44962E-02 7.48143E-02 7.51311E-02 7.54464E-02 7.57606E-02 7.60732E-02 7.63850E-02 7.70047E-02 % total
];

