
DETflux_fuel = [
    1    1    1    1    1    1    1    1    1    1  1.04955E+15 0.00129 
];


DETflux_fuelE = [
 1.00000E-01  2.00000E+01  1.00500E+01
];
