
DET1_VOL   = 1.63361E+01;
DET1_RBINS = 1;
DET1_CBINS = 1;
DET1_MBINS = 1;
DET1_UBINS = 1;
DET1_XBINS = 1;
DET1_YBINS = 1;
DET1_ZBINS = 1;
DET1_LBINS = 1;
DET1_EBINS = 1;
DET1_VALS  = 1;
DET1 = [
    1    1    1    1    1    1    1    1    1    1  7.27653E+13 0.00256 215405
];
DET1E = [
 1.00000E+00  2.00000E+01  1.00000E+00
];

DET2_VOL   = 1.79520E-01;
DET2_RBINS = 1;
DET2_CBINS = 1;
DET2_MBINS = 1;
DET2_UBINS = 1;
DET2_XBINS = 1;
DET2_YBINS = 1;
DET2_ZBINS = 1;
DET2_LBINS = 144;
DET2_EBINS = 1;
DET2_VALS  = 144;
DET2 = [
    1    1    1    1    1    1    1    1    1    1  0.00000E+00 0.00000 0
    2    1    1    1    1    2    1    1    1    1  0.00000E+00 0.00000 0
    3    1    1    1    1    3    1    1    1    1  0.00000E+00 0.00000 0
    4    1    1    1    1    4    1    1    1    1  0.00000E+00 0.00000 0
    5    1    1    1    1    5    1    1    1    1  0.00000E+00 0.00000 0
    6    1    1    1    1    6    1    1    1    1  0.00000E+00 0.00000 0
    7    1    1    1    1    7    1    1    1    1  0.00000E+00 0.00000 0
    8    1    1    1    1    8    1    1    1    1  0.00000E+00 0.00000 0
    9    1    1    1    1    9    1    1    1    1  0.00000E+00 0.00000 0
   10    1    1    1    1   10    1    1    1    1  0.00000E+00 0.00000 0
   11    1    1    1    1   11    1    1    1    1  0.00000E+00 0.00000 0
   12    1    1    1    1   12    1    1    1    1  0.00000E+00 0.00000 0
   13    1    1    1    1   13    1    1    1    1  0.00000E+00 0.00000 0
   14    1    1    1    1   14    1    1    1    1  6.92931E+13 0.02214 2255
   15    1    1    1    1   15    1    1    1    1  7.03524E+13 0.02234 2284
   16    1    1    1    1   16    1    1    1    1  7.37898E+13 0.02084 2387
   17    1    1    1    1   17    1    1    1    1  7.46283E+13 0.02216 2430
   18    1    1    1    1   18    1    1    1    1  7.48404E+13 0.02164 2421
   19    1    1    1    1   19    1    1    1    1  7.20009E+13 0.02106 2341
   20    1    1    1    1   20    1    1    1    1  7.49302E+13 0.02110 2445
   21    1    1    1    1   21    1    1    1    1  7.55165E+13 0.02055 2443
   22    1    1    1    1   22    1    1    1    1  6.73804E+13 0.02238 2194
   23    1    1    1    1   23    1    1    1    1  6.97969E+13 0.02206 2269
   24    1    1    1    1   24    1    1    1    1  0.00000E+00 0.00000 0
   25    1    1    1    1   25    1    1    1    1  0.00000E+00 0.00000 0
   26    1    1    1    1   26    1    1    1    1  7.23695E+13 0.02194 2355
   27    1    1    1    1   27    1    1    1    1  7.29125E+13 0.02106 2369
   28    1    1    1    1   28    1    1    1    1  7.39460E+13 0.02153 2395
   29    1    1    1    1   29    1    1    1    1  7.40126E+13 0.02136 2411
   30    1    1    1    1   30    1    1    1    1  7.59339E+13 0.02165 2479
   31    1    1    1    1   31    1    1    1    1  7.32133E+13 0.02198 2381
   32    1    1    1    1   32    1    1    1    1  7.62299E+13 0.02048 2476
   33    1    1    1    1   33    1    1    1    1  6.76357E+13 0.02269 2197
   34    1    1    1    1   34    1    1    1    1  7.16537E+13 0.02108 2339
   35    1    1    1    1   35    1    1    1    1  7.08126E+13 0.02088 2304
   36    1    1    1    1   36    1    1    1    1  0.00000E+00 0.00000 0
   37    1    1    1    1   37    1    1    1    1  0.00000E+00 0.00000 0
   38    1    1    1    1   38    1    1    1    1  7.34438E+13 0.02047 2395
   39    1    1    1    1   39    1    1    1    1  7.40649E+13 0.02089 2409
   40    1    1    1    1   40    1    1    1    1  7.12573E+13 0.02155 2317
   41    1    1    1    1   41    1    1    1    1  7.68384E+13 0.02131 2489
   42    1    1    1    1   42    1    1    1    1  7.30895E+13 0.02156 2383
   43    1    1    1    1   43    1    1    1    1  7.11405E+13 0.02206 2318
   44    1    1    1    1   44    1    1    1    1  7.51108E+13 0.02108 2437
   45    1    1    1    1   45    1    1    1    1  7.04791E+13 0.02168 2294
   46    1    1    1    1   46    1    1    1    1  7.40058E+13 0.02055 2406
   47    1    1    1    1   47    1    1    1    1  7.24576E+13 0.02017 2373
   48    1    1    1    1   48    1    1    1    1  0.00000E+00 0.00000 0
   49    1    1    1    1   49    1    1    1    1  0.00000E+00 0.00000 0
   50    1    1    1    1   50    1    1    1    1  7.63030E+13 0.02012 2492
   51    1    1    1    1   51    1    1    1    1  7.63993E+13 0.02131 2473
   52    1    1    1    1   52    1    1    1    1  7.22600E+13 0.02098 2357
   53    1    1    1    1   53    1    1    1    1  7.11022E+13 0.02100 2325
   54    1    1    1    1   54    1    1    1    1  7.06739E+13 0.02137 2304
   55    1    1    1    1   55    1    1    1    1  7.16569E+13 0.02155 2329
   56    1    1    1    1   56    1    1    1    1  6.89650E+13 0.02252 2237
   57    1    1    1    1   57    1    1    1    1  6.83991E+13 0.02203 2238
   58    1    1    1    1   58    1    1    1    1  7.55457E+13 0.02063 2453
   59    1    1    1    1   59    1    1    1    1  6.96944E+13 0.02190 2269
   60    1    1    1    1   60    1    1    1    1  0.00000E+00 0.00000 0
   61    1    1    1    1   61    1    1    1    1  0.00000E+00 0.00000 0
   62    1    1    1    1   62    1    1    1    1  7.56912E+13 0.02065 2459
   63    1    1    1    1   63    1    1    1    1  7.63689E+13 0.02052 2493
   64    1    1    1    1   64    1    1    1    1  7.37636E+13 0.02105 2403
   65    1    1    1    1   65    1    1    1    1  7.15531E+13 0.02020 2331
   66    1    1    1    1   66    1    1    1    1  0.00000E+00 0.00000 0
   67    1    1    1    1   67    1    1    1    1  0.00000E+00 0.00000 0
   68    1    1    1    1   68    1    1    1    1  0.00000E+00 0.00000 0
   69    1    1    1    1   69    1    1    1    1  7.06834E+13 0.02206 2308
   70    1    1    1    1   70    1    1    1    1  7.18659E+13 0.02246 2336
   71    1    1    1    1   71    1    1    1    1  7.18394E+13 0.02196 2341
   72    1    1    1    1   72    1    1    1    1  0.00000E+00 0.00000 0
   73    1    1    1    1   73    1    1    1    1  0.00000E+00 0.00000 0
   74    1    1    1    1   74    1    1    1    1  7.29577E+13 0.02154 2377
   75    1    1    1    1   75    1    1    1    1  7.66845E+13 0.02134 2496
   76    1    1    1    1   76    1    1    1    1  7.47850E+13 0.02173 2433
   77    1    1    1    1   77    1    1    1    1  7.07563E+13 0.02055 2301
   78    1    1    1    1   78    1    1    1    1  0.00000E+00 0.00000 0
   79    1    1    1    1   79    1    1    1    1  0.00000E+00 0.00000 0
   80    1    1    1    1   80    1    1    1    1  0.00000E+00 0.00000 0
   81    1    1    1    1   81    1    1    1    1  7.22013E+13 0.02157 2344
   82    1    1    1    1   82    1    1    1    1  7.28958E+13 0.02172 2365
   83    1    1    1    1   83    1    1    1    1  7.43166E+13 0.02136 2417
   84    1    1    1    1   84    1    1    1    1  0.00000E+00 0.00000 0
   85    1    1    1    1   85    1    1    1    1  0.00000E+00 0.00000 0
   86    1    1    1    1   86    1    1    1    1  7.33643E+13 0.02120 2383
   87    1    1    1    1   87    1    1    1    1  7.17228E+13 0.02111 2325
   88    1    1    1    1   88    1    1    1    1  7.46689E+13 0.02065 2433
   89    1    1    1    1   89    1    1    1    1  6.99329E+13 0.02073 2273
   90    1    1    1    1   90    1    1    1    1  0.00000E+00 0.00000 0
   91    1    1    1    1   91    1    1    1    1  0.00000E+00 0.00000 0
   92    1    1    1    1   92    1    1    1    1  0.00000E+00 0.00000 0
   93    1    1    1    1   93    1    1    1    1  7.39836E+13 0.02127 2406
   94    1    1    1    1   94    1    1    1    1  7.40895E+13 0.02078 2416
   95    1    1    1    1   95    1    1    1    1  7.44104E+13 0.02156 2421
   96    1    1    1    1   96    1    1    1    1  0.00000E+00 0.00000 0
   97    1    1    1    1   97    1    1    1    1  0.00000E+00 0.00000 0
   98    1    1    1    1   98    1    1    1    1  7.33956E+13 0.02057 2395
