
DET1_VOL   = 1.63361E+01;
DET1_RBINS = 1;
DET1_CBINS = 1;
DET1_MBINS = 1;
DET1_UBINS = 1;
DET1_XBINS = 1;
DET1_YBINS = 1;
DET1_ZBINS = 1;
DET1_LBINS = 1;
DET1_EBINS = 1;
DET1_VALS  = 1;
DET1 = [
    1    1    1    1    1    1    1    1    1    1  7.28686E+13 0.00181 449742
];
DET1E = [
 1.00000E+00  2.00000E+01  1.00000E+00
];

DET2_VOL   = 1.79520E-01;
DET2_RBINS = 1;
DET2_CBINS = 1;
DET2_MBINS = 1;
DET2_UBINS = 1;
DET2_XBINS = 1;
DET2_YBINS = 1;
DET2_ZBINS = 1;
DET2_LBINS = 144;
DET2_EBINS = 1;
DET2_VALS  = 144;
DET2 = [
    1    1    1    1    1    1    1    1    1    1  0.00000E+00 0.00000 0
    2    1    1    1    1    2    1    1    1    1  0.00000E+00 0.00000 0
    3    1    1    1    1    3    1    1    1    1  0.00000E+00 0.00000 0
    4    1    1    1    1    4    1    1    1    1  0.00000E+00 0.00000 0
    5    1    1    1    1    5    1    1    1    1  0.00000E+00 0.00000 0
    6    1    1    1    1    6    1    1    1    1  0.00000E+00 0.00000 0
    7    1    1    1    1    7    1    1    1    1  0.00000E+00 0.00000 0
    8    1    1    1    1    8    1    1    1    1  0.00000E+00 0.00000 0
    9    1    1    1    1    9    1    1    1    1  0.00000E+00 0.00000 0
   10    1    1    1    1   10    1    1    1    1  0.00000E+00 0.00000 0
   11    1    1    1    1   11    1    1    1    1  0.00000E+00 0.00000 0
   12    1    1    1    1   12    1    1    1    1  0.00000E+00 0.00000 0
   13    1    1    1    1   13    1    1    1    1  0.00000E+00 0.00000 0
   14    1    1    1    1   14    1    1    1    1  6.61803E+13 0.01527 4479
   15    1    1    1    1   15    1    1    1    1  7.04002E+13 0.01551 4780
   16    1    1    1    1   16    1    1    1    1  7.18843E+13 0.01456 4874
   17    1    1    1    1   17    1    1    1    1  7.36752E+13 0.01396 5007
   18    1    1    1    1   18    1    1    1    1  7.55560E+13 0.01455 5133
   19    1    1    1    1   19    1    1    1    1  7.34032E+13 0.01470 4967
   20    1    1    1    1   20    1    1    1    1  7.27533E+13 0.01522 4937
   21    1    1    1    1   21    1    1    1    1  7.12677E+13 0.01549 4833
   22    1    1    1    1   22    1    1    1    1  6.97520E+13 0.01507 4741
   23    1    1    1    1   23    1    1    1    1  6.74090E+13 0.01526 4569
   24    1    1    1    1   24    1    1    1    1  0.00000E+00 0.00000 0
   25    1    1    1    1   25    1    1    1    1  0.00000E+00 0.00000 0
   26    1    1    1    1   26    1    1    1    1  7.28524E+13 0.01531 4942
   27    1    1    1    1   27    1    1    1    1  7.45819E+13 0.01390 5071
   28    1    1    1    1   28    1    1    1    1  7.59293E+13 0.01420 5148
   29    1    1    1    1   29    1    1    1    1  7.61349E+13 0.01417 5174
   30    1    1    1    1   30    1    1    1    1  7.53360E+13 0.01445 5115
   31    1    1    1    1   31    1    1    1    1  7.67599E+13 0.01503 5194
   32    1    1    1    1   32    1    1    1    1  7.62726E+13 0.01460 5166
   33    1    1    1    1   33    1    1    1    1  7.19656E+13 0.01475 4890
   34    1    1    1    1   34    1    1    1    1  7.29767E+13 0.01497 4956
   35    1    1    1    1   35    1    1    1    1  7.33925E+13 0.01544 4995
   36    1    1    1    1   36    1    1    1    1  0.00000E+00 0.00000 0
   37    1    1    1    1   37    1    1    1    1  0.00000E+00 0.00000 0
   38    1    1    1    1   38    1    1    1    1  7.43693E+13 0.01465 5057
   39    1    1    1    1   39    1    1    1    1  7.45727E+13 0.01371 5058
   40    1    1    1    1   40    1    1    1    1  7.26521E+13 0.01499 4925
   41    1    1    1    1   41    1    1    1    1  7.20904E+13 0.01546 4869
   42    1    1    1    1   42    1    1    1    1  7.31206E+13 0.01487 4967
   43    1    1    1    1   43    1    1    1    1  7.45765E+13 0.01497 5059
   44    1    1    1    1   44    1    1    1    1  7.32099E+13 0.01424 4975
   45    1    1    1    1   45    1    1    1    1  7.10474E+13 0.01546 4824
   46    1    1    1    1   46    1    1    1    1  7.19429E+13 0.01541 4884
   47    1    1    1    1   47    1    1    1    1  7.32081E+13 0.01475 4975
   48    1    1    1    1   48    1    1    1    1  0.00000E+00 0.00000 0
   49    1    1    1    1   49    1    1    1    1  0.00000E+00 0.00000 0
   50    1    1    1    1   50    1    1    1    1  7.48328E+13 0.01405 5064
   51    1    1    1    1   51    1    1    1    1  7.61209E+13 0.01451 5183
   52    1    1    1    1   52    1    1    1    1  7.23807E+13 0.01565 4899
   53    1    1    1    1   53    1    1    1    1  7.32923E+13 0.01501 4979
   54    1    1    1    1   54    1    1    1    1  7.08422E+13 0.01490 4816
   55    1    1    1    1   55    1    1    1    1  7.19335E+13 0.01493 4867
   56    1    1    1    1   56    1    1    1    1  7.35090E+13 0.01466 4975
   57    1    1    1    1   57    1    1    1    1  7.07367E+13 0.01414 4786
   58    1    1    1    1   58    1    1    1    1  7.33792E+13 0.01410 4980
   59    1    1    1    1   59    1    1    1    1  7.23547E+13 0.01454 4920
   60    1    1    1    1   60    1    1    1    1  0.00000E+00 0.00000 0
   61    1    1    1    1   61    1    1    1    1  0.00000E+00 0.00000 0
   62    1    1    1    1   62    1    1    1    1  7.48411E+13 0.01520 5079
   63    1    1    1    1   63    1    1    1    1  7.63226E+13 0.01344 5167
   64    1    1    1    1   64    1    1    1    1  7.23654E+13 0.01489 4911
   65    1    1    1    1   65    1    1    1    1  7.10226E+13 0.01501 4815
   66    1    1    1    1   66    1    1    1    1  0.00000E+00 0.00000 0
   67    1    1    1    1   67    1    1    1    1  0.00000E+00 0.00000 0
   68    1    1    1    1   68    1    1    1    1  0.00000E+00 0.00000 0
   69    1    1    1    1   69    1    1    1    1  7.13508E+13 0.01447 4840
   70    1    1    1    1   70    1    1    1    1  7.09737E+13 0.01480 4816
   71    1    1    1    1   71    1    1    1    1  7.31048E+13 0.01452 4950
   72    1    1    1    1   72    1    1    1    1  0.00000E+00 0.00000 0
   73    1    1    1    1   73    1    1    1    1  0.00000E+00 0.00000 0
   74    1    1    1    1   74    1    1    1    1  7.24874E+13 0.01419 4912
   75    1    1    1    1   75    1    1    1    1  7.49932E+13 0.01438 5089
   76    1    1    1    1   76    1    1    1    1  7.46089E+13 0.01404 5053
   77    1    1    1    1   77    1    1    1    1  7.02699E+13 0.01601 4758
   78    1    1    1    1   78    1    1    1    1  0.00000E+00 0.00000 0
   79    1    1    1    1   79    1    1    1    1  0.00000E+00 0.00000 0
   80    1    1    1    1   80    1    1    1    1  0.00000E+00 0.00000 0
   81    1    1    1    1   81    1    1    1    1  7.20035E+13 0.01506 4879
   82    1    1    1    1   82    1    1    1    1  7.48108E+13 0.01383 5048
   83    1    1    1    1   83    1    1    1    1  7.33011E+13 0.01519 4984
   84    1    1    1    1   84    1    1    1    1  0.00000E+00 0.00000 0
   85    1    1    1    1   85    1    1    1    1  0.00000E+00 0.00000 0
   86    1    1    1    1   86    1    1    1    1  7.31859E+13 0.01486 4964
   87    1    1    1    1   87    1    1    1    1  7.27224E+13 0.01525 4940
   88    1    1    1    1   88    1    1    1    1  7.38195E+13 0.01508 5010
   89    1    1    1    1   89    1    1    1    1  7.18779E+13 0.01525 4888
   90    1    1    1    1   90    1    1    1    1  0.00000E+00 0.00000 0
   91    1    1    1    1   91    1    1    1    1  0.00000E+00 0.00000 0
   92    1    1    1    1   92    1    1    1    1  0.00000E+00 0.00000 0
   93    1    1    1    1   93    1    1    1    1  7.28630E+13 0.01553 4947
   94    1    1    1    1   94    1    1    1    1  7.62640E+13 0.01435 5188
   95    1    1    1    1   95    1    1    1    1  7.38557E+13 0.01512 5002
   96    1    1    1    1   96    1    1    1    1  0.00000E+00 0.00000 0
   97    1    1    1    1   97    1    1    1    1  0.00000E+00 0.00000 0
   98    1    1    1    1   98    1    1    1    1  7.22466E+13 0.01425 4881
