
DETflux_fuel = [
    1    1    1    1    1    1    1    1    1    1  9.29049E+14 0.00114 
];


DETflux_fuelE = [
 1.00000E-01  2.00000E+01  1.00500E+01
];
