
ZAI = [
666
0
];

NAMES = [
'lost            '
'total           '
];

iLOST    = 1;
iTOT     = 2;

MAT_fuel_VOLUME = [ 6.88652E+03 6.88652E+03 6.88652E+03 6.88652E+03 6.88652E+03 6.88652E+03 6.88652E+03 6.88652E+03 6.88652E+03 6.88652E+03 6.88652E+03 ];

MAT_fuel_BURNUP = [ 0.00000E+00 5.00040E+00 1.00008E+01 1.50011E+01 2.00015E+01 2.50018E+01 3.00021E+01 3.50025E+01 4.00029E+01 4.50033E+01 5.00036E+01 ];

MAT_fuel_ADENS = [
0.00000E+00 0.00000E+00 0.00000E+00 0.00000E+00 0.00000E+00 0.00000E+00 0.00000E+00 0.00000E+00 0.00000E+00 0.00000E+00 0.00000E+00 % lost data
9.24993E-02 9.26620E-02 9.28248E-02 9.29876E-02 9.31504E-02 9.33131E-02 9.34759E-02 9.36386E-02 9.38013E-02 9.39641E-02 9.41268E-02 % total
];

MAT_fuel_MDENS = [
0.00000E+00 0.00000E+00 0.00000E+00 0.00000E+00 0.00000E+00 0.00000E+00 0.00000E+00 0.00000E+00 0.00000E+00 0.00000E+00 0.00000E+00 % lost data
1.37800E+01 1.37797E+01 1.37794E+01 1.37791E+01 1.37788E+01 1.37785E+01 1.37782E+01 1.37779E+01 1.37776E+01 1.37773E+01 1.37770E+01 % total
];

MAT_fuel_A = [
0.00000E+00 0.00000E+00 0.00000E+00 0.00000E+00 0.00000E+00 0.00000E+00 0.00000E+00 0.00000E+00 0.00000E+00 0.00000E+00 0.00000E+00 % lost data
2.71867E+09 9.24711E+19 9.72987E+19 1.00081E+20 1.02026E+20 1.03521E+20 1.04744E+20 1.05776E+20 1.06673E+20 1.07461E+20 1.08168E+20 % total
];

MAT_fuel_H = [
0.00000E+00 0.00000E+00 0.00000E+00 0.00000E+00 0.00000E+00 0.00000E+00 0.00000E+00 0.00000E+00 0.00000E+00 0.00000E+00 0.00000E+00 % lost data
1.99016E-03 3.58988E+07 3.65738E+07 3.69102E+07 3.71244E+07 3.72802E+07 3.73936E+07 3.74893E+07 3.75669E+07 3.76258E+07 3.76779E+07 % total
];

MAT_fuel_SF = [
0.00000E+00 0.00000E+00 0.00000E+00 0.00000E+00 0.00000E+00 0.00000E+00 0.00000E+00 0.00000E+00 0.00000E+00 0.00000E+00 0.00000E+00 % lost data
3.99100E+02 7.36303E+02 1.79630E+03 3.50392E+03 5.80196E+03 8.64403E+03 1.19920E+04 1.58177E+04 2.00947E+04 2.48226E+04 2.99752E+04 % total
];

MAT_fuel_GSRC = [
0.00000E+00 0.00000E+00 0.00000E+00 0.00000E+00 0.00000E+00 0.00000E+00 0.00000E+00 0.00000E+00 0.00000E+00 0.00000E+00 0.00000E+00 % lost data
2.57653E+09 9.92435E+19 1.04350E+20 1.07645E+20 1.10076E+20 1.11994E+20 1.13571E+20 1.14901E+20 1.16044E+20 1.17038E+20 1.17918E+20 % total
];

MAT_fuel_ING_TOX = [
0.00000E+00 0.00000E+00 0.00000E+00 0.00000E+00 0.00000E+00 0.00000E+00 0.00000E+00 0.00000E+00 0.00000E+00 0.00000E+00 0.00000E+00 % lost data
1.26316E+02 1.16787E+10 1.67248E+10 2.00604E+10 2.25554E+10 2.45537E+10 2.62321E+10 2.76845E+10 2.89715E+10 3.01315E+10 3.11887E+10 % total
];

MAT_fuel_INH_TOX = [
0.00000E+00 0.00000E+00 0.00000E+00 0.00000E+00 0.00000E+00 0.00000E+00 0.00000E+00 0.00000E+00 0.00000E+00 0.00000E+00 0.00000E+00 % lost data
2.27433E+04 6.35611E+09 9.74072E+09 1.23126E+10 1.44403E+10 1.62782E+10 1.79142E+10 1.93967E+10 2.07610E+10 2.20318E+10 2.32252E+10 % total
];

TOT_VOLUME = [ 6.88652E+03 6.88652E+03 6.88652E+03 6.88652E+03 6.88652E+03 6.88652E+03 6.88652E+03 6.88652E+03 6.88652E+03 6.88652E+03 6.88652E+03 ];

TOT_BURNUP = [ 0.00000E+00 5.00040E+00 1.00008E+01 1.50011E+01 2.00015E+01 2.50018E+01 3.00021E+01 3.50025E+01 4.00029E+01 4.50033E+01 5.00036E+01 ];

TOT_ADENS = [
0.00000E+00 0.00000E+00 0.00000E+00 0.00000E+00 0.00000E+00 0.00000E+00 0.00000E+00 0.00000E+00 0.00000E+00 0.00000E+00 0.00000E+00 % lost data
9.24993E-02 9.26620E-02 9.28248E-02 9.29876E-02 9.31504E-02 9.33131E-02 9.34759E-02 9.36386E-02 9.38013E-02 9.39641E-02 9.41268E-02 % total
];

TOT_MASS = [
0.00000E+00 0.00000E+00 0.00000E+00 0.00000E+00 0.00000E+00 0.00000E+00 0.00000E+00 0.00000E+00 0.00000E+00 0.00000E+00 0.00000E+00 % lost data
9.48962E+04 9.48941E+04 9.48920E+04 9.48899E+04 9.48879E+04 9.48858E+04 9.48838E+04 9.48817E+04 9.48797E+04 9.48777E+04 9.48757E+04 % total
];

TOT_A = [
0.00000E+00 0.00000E+00 0.00000E+00 0.00000E+00 0.00000E+00 0.00000E+00 0.00000E+00 0.00000E+00 0.00000E+00 0.00000E+00 0.00000E+00 % lost data
2.71867E+09 9.24711E+19 9.72987E+19 1.00081E+20 1.02026E+20 1.03521E+20 1.04744E+20 1.05776E+20 1.06673E+20 1.07461E+20 1.08168E+20 % total
];

TOT_H = [
0.00000E+00 0.00000E+00 0.00000E+00 0.00000E+00 0.00000E+00 0.00000E+00 0.00000E+00 0.00000E+00 0.00000E+00 0.00000E+00 0.00000E+00 % lost data
1.99016E-03 3.58988E+07 3.65738E+07 3.69102E+07 3.71244E+07 3.72802E+07 3.73936E+07 3.74893E+07 3.75669E+07 3.76258E+07 3.76779E+07 % total
];

TOT_SF = [
0.00000E+00 0.00000E+00 0.00000E+00 0.00000E+00 0.00000E+00 0.00000E+00 0.00000E+00 0.00000E+00 0.00000E+00 0.00000E+00 0.00000E+00 % lost data
3.99100E+02 7.36303E+02 1.79630E+03 3.50392E+03 5.80196E+03 8.64403E+03 1.19920E+04 1.58177E+04 2.00947E+04 2.48226E+04 2.99752E+04 % total
];

TOT_GSRC = [
0.00000E+00 0.00000E+00 0.00000E+00 0.00000E+00 0.00000E+00 0.00000E+00 0.00000E+00 0.00000E+00 0.00000E+00 0.00000E+00 0.00000E+00 % lost data
2.57653E+09 9.92435E+19 1.04350E+20 1.07645E+20 1.10076E+20 1.11994E+20 1.13571E+20 1.14901E+20 1.16044E+20 1.17038E+20 1.17918E+20 % total
];

TOT_ING_TOX = [
0.00000E+00 0.00000E+00 0.00000E+00 0.00000E+00 0.00000E+00 0.00000E+00 0.00000E+00 0.00000E+00 0.00000E+00 0.00000E+00 0.00000E+00 % lost data
1.26316E+02 1.16787E+10 1.67248E+10 2.00604E+10 2.25554E+10 2.45537E+10 2.62321E+10 2.76845E+10 2.89715E+10 3.01315E+10 3.11887E+10 % total
];

TOT_INH_TOX = [
0.00000E+00 0.00000E+00 0.00000E+00 0.00000E+00 0.00000E+00 0.00000E+00 0.00000E+00 0.00000E+00 0.00000E+00 0.00000E+00 0.00000E+00 % lost data
2.27433E+04 6.35611E+09 9.74072E+09 1.23126E+10 1.44403E+10 1.62782E+10 1.79142E+10 1.93967E+10 2.07610E+10 2.20318E+10 2.32252E+10 % total
];

BU = [ 0.00000E+00 5.00000E+00 1.00000E+01 1.50000E+01 2.00000E+01 2.50000E+01 3.00000E+01 3.50000E+01 4.00000E+01 4.50000E+01 5.00000E+01 ];

DAYS = [ 0.00000E+00 6.96807E-01 1.39361E+00 2.09042E+00 2.78723E+00 3.48404E+00 4.18084E+00 4.87765E+00 5.57446E+00 6.27126E+00 6.96807E+00 ];
