
ZAI = [
70140
70150
922340
922350
922360
922380
942380
942390
942400
942410
942420
952410
952421
952430
962420
962440
666
0
];

NAMES = [
'N14             '
'N15             '
'U234            '
'U235            '
'U236            '
'U238            '
'Pu238           '
'Pu239           '
'Pu240           '
'Pu241           '
'Pu242           '
'Am241           '
'Am242m          '
'Am243           '
'Cm242           '
'Cm244           '
'lost            '
'total           '
];

i70140  = 1; iN14              = 1;
i70150  = 2; iN15              = 2;
i922340 = 3; iU234             = 3;
i922350 = 4; iU235             = 4;
i922360 = 5; iU236             = 5;
i922380 = 6; iU238             = 6;
i942380 = 7; iPu238            = 7;
i942390 = 8; iPu239            = 8;
i942400 = 9; iPu240            = 9;
i942410 = 10; iPu241            = 10;
i942420 = 11; iPu242            = 11;
i952410 = 12; iAm241            = 12;
i952421 = 13; iAm242m           = 13;
i952430 = 14; iAm243            = 14;
i962420 = 15; iCm242            = 15;
i962440 = 16; iCm244            = 16;
iLOST    = 17;
iTOT     = 18;

MAT_fuel_VOLUME = [ 4.34730E+06 4.34730E+06 4.34730E+06 4.34730E+06 4.34730E+06 4.34730E+06 4.34730E+06 4.34730E+06 4.34730E+06 4.34730E+06 4.34730E+06 4.34730E+06 4.34730E+06 4.34730E+06 4.34730E+06 4.34730E+06 ];

MAT_fuel_BURNUP = [ 0.00000E+00 1.00004E-01 5.00027E-01 1.17905E+01 2.30710E+01 3.43615E+01 4.56420E+01 5.69324E+01 6.82128E+01 7.95033E+01 9.07936E+01 1.02074E+02 1.13364E+02 1.24645E+02 1.35935E+02 1.58505E+02 ];

MAT_fuel_ADENS = [
0.00000E+00 1.29057E-18 3.23053E-17 1.81484E-14 7.02318E-14 1.57425E-13 2.80366E-13 4.39910E-13 6.36055E-13 8.70136E-13 1.14177E-12 1.45153E-12 1.79985E-12 2.18655E-12 2.61228E-12 3.58155E-12 % N14
0.00000E+00 1.11531E-11 5.98122E-11 1.27001E-09 2.33566E-09 3.61310E-09 4.92878E-09 6.22874E-09 7.22904E-09 8.55326E-09 9.57331E-09 1.07874E-08 1.18500E-08 1.29003E-08 1.38388E-08 1.61042E-08 % N15
0.00000E+00 9.61609E-09 4.79792E-08 1.12883E-06 2.30455E-06 3.59826E-06 4.98331E-06 6.43376E-06 7.92025E-06 9.42229E-06 1.09178E-05 1.23881E-05 1.38213E-05 1.52022E-05 1.65214E-05 1.89405E-05 % U234
0.00000E+00 5.15770E-10 2.60886E-09 7.18887E-08 1.60515E-07 2.69070E-07 3.97955E-07 5.46467E-07 7.13415E-07 8.97234E-07 1.09635E-06 1.30893E-06 1.53223E-06 1.76452E-06 2.00506E-06 2.49937E-06 % U235
0.00000E+00 9.80650E-10 4.95878E-09 1.14850E-07 2.23327E-07 3.34942E-07 4.48526E-07 5.63948E-07 6.78863E-07 8.00408E-07 9.22322E-07 1.04954E-06 1.17977E-06 1.31377E-06 1.45115E-06 1.74189E-06 % U236
1.94725E-02 1.94701E-02 1.94602E-02 1.91840E-02 1.89094E-02 1.86367E-02 1.83671E-02 1.80999E-02 1.78360E-02 1.75747E-02 1.73160E-02 1.70601E-02 1.68063E-02 1.65553E-02 1.63060E-02 1.58133E-02 % U238
1.22762E-04 1.22667E-04 1.22337E-04 1.31134E-04 1.50063E-04 1.67904E-04 1.82933E-04 1.95101E-04 2.04612E-04 2.11745E-04 2.16781E-04 2.19945E-04 2.21453E-04 2.21567E-04 2.20448E-04 2.15253E-04 % Pu238
1.82038E-03 1.81955E-03 1.82068E-03 1.86723E-03 1.90756E-03 1.94198E-03 1.97061E-03 1.99428E-03 2.01290E-03 2.02726E-03 2.03772E-03 2.04452E-03 2.04803E-03 2.04857E-03 2.04629E-03 2.03463E-03 % Pu239
8.34778E-04 8.34828E-04 8.35029E-04 8.42059E-04 8.51393E-04 8.62580E-04 8.74962E-04 8.88408E-04 9.02429E-04 9.16878E-04 9.31429E-04 9.45968E-04 9.60385E-04 9.74270E-04 9.87843E-04 1.01346E-03 % Pu240
4.52464E-04 4.51867E-04 4.49491E-04 3.88455E-04 3.37922E-04 2.96142E-04 2.61823E-04 2.33624E-04 2.10587E-04 1.91872E-04 1.76672E-04 1.64411E-04 1.54584E-04 1.46766E-04 1.40609E-04 1.32178E-04 % Pu241
2.77090E-04 2.77139E-04 2.77399E-04 2.83784E-04 2.88468E-04 2.91685E-04 2.93638E-04 2.94492E-04 2.94393E-04 2.93490E-04 2.91934E-04 2.89833E-04 2.87269E-04 2.84322E-04 2.81015E-04 2.73682E-04 % Pu242
6.04737E-04 6.04451E-04 6.03308E-04 5.70654E-04 5.37680E-04 5.05005E-04 4.73304E-04 4.42699E-04 4.13524E-04 3.85781E-04 3.59603E-04 3.35078E-04 3.12073E-04 2.90679E-04 2.70755E-04 2.35145E-04 % Am241
0.00000E+00 3.41944E-08 1.70170E-07 3.60874E-06 6.34987E-06 8.49057E-06 1.01074E-05 1.12949E-05 1.21180E-05 1.26458E-05 1.29294E-05 1.30140E-05 1.29431E-05 1.27456E-05 1.24524E-05 1.16671E-05 % Am242m
6.04737E-04 6.04356E-04 6.02854E-04 5.62113E-04 5.24405E-04 4.89513E-04 4.57367E-04 4.27672E-04 4.00327E-04 3.75042E-04 3.51652E-04 3.30019E-04 3.09941E-04 2.91354E-04 2.74098E-04 2.43100E-04 % Am243
0.00000E+00 2.37445E-07 1.47038E-06 1.66728E-05 1.84176E-05 1.78828E-05 1.69005E-05 1.58971E-05 1.49069E-05 1.39726E-05 1.30835E-05 1.22305E-05 1.14590E-05 1.07109E-05 1.00416E-05 8.84331E-06 % Cm242
0.00000E+00 3.68196E-07 1.85956E-06 4.05647E-05 7.32395E-05 1.00593E-04 1.23076E-04 1.41423E-04 1.56066E-04 1.67595E-04 1.76399E-04 1.82851E-04 1.87297E-04 1.90007E-04 1.91283E-04 1.90364E-04 % Cm244
0.00000E+00 0.00000E+00 0.00000E+00 0.00000E+00 0.00000E+00 0.00000E+00 0.00000E+00 0.00000E+00 0.00000E+00 0.00000E+00 0.00000E+00 0.00000E+00 0.00000E+00 0.00000E+00 0.00000E+00 0.00000E+00 % lost data
7.25684E-02 7.25709E-02 7.25811E-02 7.28870E-02 7.32057E-02 7.35268E-02 7.38473E-02 7.41673E-02 7.44862E-02 7.48043E-02 7.51212E-02 7.54367E-02 7.57513E-02 7.60645E-02 7.63768E-02 7.69977E-02 % total
];

