
ZAI = [
70140
70150
922340
922350
922360
922380
942380
942390
942400
942410
942420
952410
952421
952430
962420
962440
666
0
];

NAMES = [
'N14             '
'N15             '
'U234            '
'U235            '
'U236            '
'U238            '
'Pu238           '
'Pu239           '
'Pu240           '
'Pu241           '
'Pu242           '
'Am241           '
'Am242m          '
'Am243           '
'Cm242           '
'Cm244           '
'lost            '
'total           '
];

i70140  = 1; iN14              = 1;
i70150  = 2; iN15              = 2;
i922340 = 3; iU234             = 3;
i922350 = 4; iU235             = 4;
i922360 = 5; iU236             = 5;
i922380 = 6; iU238             = 6;
i942380 = 7; iPu238            = 7;
i942390 = 8; iPu239            = 8;
i942400 = 9; iPu240            = 9;
i942410 = 10; iPu241            = 10;
i942420 = 11; iPu242            = 11;
i952410 = 12; iAm241            = 12;
i952421 = 13; iAm242m           = 13;
i952430 = 14; iAm243            = 14;
i962420 = 15; iCm242            = 15;
i962440 = 16; iCm244            = 16;
iLOST    = 17;
iTOT     = 18;

MAT_fuel_VOLUME = [ 4.34730E+06 4.34730E+06 4.34730E+06 4.34730E+06 4.34730E+06 4.34730E+06 4.34730E+06 4.34730E+06 4.34730E+06 4.34730E+06 4.34730E+06 4.34730E+06 4.34730E+06 4.34730E+06 4.34730E+06 4.34730E+06 ];

MAT_fuel_BURNUP = [ 0.00000E+00 1.00004E-01 5.00022E-01 1.17904E+01 2.30711E+01 3.43616E+01 4.56419E+01 5.69324E+01 6.82131E+01 7.95034E+01 9.07938E+01 1.02074E+02 1.13365E+02 1.24645E+02 1.35935E+02 1.58506E+02 ];

MAT_fuel_ADENS = [
0.00000E+00 1.29342E-18 3.22894E-17 1.81747E-14 7.03738E-14 1.57711E-13 2.80625E-13 4.40222E-13 6.36756E-13 8.70753E-13 1.14282E-12 1.45292E-12 1.80176E-12 2.18939E-12 2.61643E-12 3.58792E-12 % N14
0.00000E+00 1.13239E-11 5.43003E-11 1.29475E-09 2.38915E-09 3.70073E-09 4.76113E-09 6.01202E-09 7.26345E-09 8.24225E-09 9.37980E-09 1.05563E-08 1.16443E-08 1.29658E-08 1.42585E-08 1.67471E-08 % N15
0.00000E+00 9.41723E-09 4.69855E-08 1.10703E-06 2.26657E-06 3.54787E-06 4.92205E-06 6.36213E-06 7.83875E-06 9.33166E-06 1.08169E-05 1.22758E-05 1.36955E-05 1.50637E-05 1.63708E-05 1.87635E-05 % U234
0.00000E+00 5.05120E-10 2.55537E-09 7.07842E-08 1.58664E-07 2.66385E-07 3.94728E-07 5.43124E-07 7.09709E-07 8.92279E-07 1.09079E-06 1.30285E-06 1.52694E-06 1.75810E-06 1.99666E-06 2.48723E-06 % U235
0.00000E+00 9.65632E-10 4.79447E-09 1.13063E-07 2.19894E-07 3.30064E-07 4.38900E-07 5.52216E-07 6.68257E-07 7.84909E-07 9.06320E-07 1.03212E-06 1.16117E-06 1.29652E-06 1.43572E-06 1.72638E-06 % U236
1.95455E-02 1.95429E-02 1.95329E-02 1.92506E-02 1.89710E-02 1.86944E-02 1.84209E-02 1.81504E-02 1.78833E-02 1.76191E-02 1.73579E-02 1.70997E-02 1.68442E-02 1.65911E-02 1.63401E-02 1.58443E-02 % U238
1.20224E-04 1.20130E-04 1.19803E-04 1.29038E-04 1.48480E-04 1.66606E-04 1.81770E-04 1.93987E-04 2.03484E-04 2.10551E-04 2.15485E-04 2.18525E-04 2.19928E-04 2.19913E-04 2.18709E-04 2.13300E-04 % Pu238
1.78275E-03 1.78194E-03 1.78326E-03 1.83537E-03 1.88010E-03 1.91811E-03 1.95020E-03 1.97664E-03 1.99787E-03 2.01442E-03 2.02682E-03 2.03531E-03 2.04001E-03 2.04174E-03 2.04065E-03 2.03074E-03 % Pu239
8.17523E-04 8.17574E-04 8.17787E-04 8.25155E-04 8.34850E-04 8.46237E-04 8.59016E-04 8.72914E-04 8.87458E-04 9.02375E-04 9.17358E-04 9.32464E-04 9.47284E-04 9.61796E-04 9.75855E-04 1.00234E-03 % Pu240
4.43111E-04 4.42520E-04 4.40165E-04 3.79796E-04 3.30060E-04 2.89112E-04 2.55549E-04 2.28055E-04 2.05658E-04 1.87445E-04 1.72735E-04 1.60853E-04 1.51387E-04 1.43879E-04 1.37962E-04 1.30012E-04 % Pu241
2.71363E-04 2.71413E-04 2.71680E-04 2.78232E-04 2.83009E-04 2.86266E-04 2.88215E-04 2.89084E-04 2.89021E-04 2.88171E-04 2.86634E-04 2.84555E-04 2.82004E-04 2.79094E-04 2.75855E-04 2.68677E-04 % Pu242
6.04748E-04 6.04448E-04 6.03248E-04 5.69089E-04 5.35023E-04 5.01680E-04 4.69399E-04 4.38385E-04 4.08959E-04 3.81096E-04 3.54922E-04 3.30399E-04 3.07526E-04 2.86217E-04 2.66435E-04 2.31171E-04 % Am241
0.00000E+00 3.49016E-08 1.73757E-07 3.67579E-06 6.43934E-06 8.57040E-06 1.01742E-05 1.13410E-05 1.21398E-05 1.26419E-05 1.29006E-05 1.29642E-05 1.28722E-05 1.26597E-05 1.23523E-05 1.15475E-05 % Am242m
6.04748E-04 6.04359E-04 6.02823E-04 5.61179E-04 5.22848E-04 4.87573E-04 4.55146E-04 4.25233E-04 3.97702E-04 3.72286E-04 3.48868E-04 3.27195E-04 3.07170E-04 2.88590E-04 2.71371E-04 2.40485E-04 % Am243
0.00000E+00 2.42449E-07 1.50144E-06 1.69972E-05 1.86631E-05 1.79932E-05 1.69724E-05 1.59435E-05 1.48985E-05 1.39412E-05 1.30064E-05 1.21622E-05 1.13505E-05 1.06291E-05 9.93895E-06 8.73864E-06 % Cm242
0.00000E+00 3.76116E-07 1.89928E-06 4.13899E-05 7.44932E-05 1.01955E-04 1.24480E-04 1.42794E-04 1.57348E-04 1.68742E-04 1.77338E-04 1.83639E-04 1.87862E-04 1.90420E-04 1.91507E-04 1.90212E-04 % Cm244
0.00000E+00 0.00000E+00 0.00000E+00 0.00000E+00 0.00000E+00 0.00000E+00 0.00000E+00 0.00000E+00 0.00000E+00 0.00000E+00 0.00000E+00 0.00000E+00 0.00000E+00 0.00000E+00 0.00000E+00 0.00000E+00 % lost data
7.25698E-02 7.25723E-02 7.25824E-02 7.28890E-02 7.32083E-02 7.35297E-02 7.38505E-02 7.41707E-02 7.44897E-02 7.48078E-02 7.51247E-02 7.54401E-02 7.57546E-02 7.60676E-02 7.63797E-02 7.70003E-02 % total
];

