
ZAI = [
922350
922380
531310
531330
541330
541350
666
0
];

NAMES = [
'U235            '
'U238            '
'I131            '
'I133            '
'Xe133           '
'Xe135           '
'lost            '
'total           '
];

i922350 = 1; iU235             = 1;
i922380 = 2; iU238             = 2;
i531310 = 3; iI131             = 3;
i531330 = 4; iI133             = 4;
i541330 = 5; iXe133            = 5;
i541350 = 6; iXe135            = 6;
iLOST    = 7;
iTOT     = 8;

MAT_fuel_VOLUME = [ 8.55874E+05 8.55874E+05 8.55874E+05 8.55874E+05 8.55874E+05 8.55874E+05 8.55874E+05 8.55874E+05 8.55874E+05 8.55874E+05 8.55874E+05 ];

MAT_fuel_BURNUP = [ 0.00000E+00 5.00066E+00 1.00011E+01 1.50016E+01 2.00020E+01 2.50025E+01 3.00029E+01 3.50034E+01 4.00037E+01 4.50041E+01 5.00044E+01 ];

MAT_fuel_ADENS = [
3.66173E-03 3.48981E-03 3.32436E-03 3.16574E-03 3.01338E-03 2.86732E-03 2.72731E-03 2.59310E-03 2.46464E-03 2.34161E-03 2.22390E-03 % U235
2.71091E-02 2.69404E-02 2.67710E-02 2.66012E-02 2.64310E-02 2.62604E-02 2.60897E-02 2.59184E-02 2.57470E-02 2.55752E-02 2.54035E-02 % U238
0.00000E+00 6.72738E-07 6.78167E-07 6.83302E-07 6.88083E-07 6.92724E-07 6.97259E-07 7.01640E-07 7.06033E-07 7.10070E-07 7.14106E-07 % I131
0.00000E+00 1.53418E-07 1.53584E-07 1.53720E-07 1.53876E-07 1.54006E-07 1.54146E-07 1.54278E-07 1.54407E-07 1.54532E-07 1.54644E-07 % I133
0.00000E+00 9.29461E-07 9.31532E-07 9.33367E-07 9.35341E-07 9.37183E-07 9.39079E-07 9.40976E-07 9.42839E-07 9.44711E-07 9.46542E-07 % Xe133
0.00000E+00 6.65609E-08 6.68669E-08 6.71428E-08 6.74235E-08 6.76984E-08 6.79655E-08 6.82343E-08 6.84869E-08 6.87436E-08 6.89877E-08 % Xe135
0.00000E+00 0.00000E+00 0.00000E+00 0.00000E+00 0.00000E+00 0.00000E+00 0.00000E+00 0.00000E+00 0.00000E+00 0.00000E+00 0.00000E+00 % lost data
9.23126E-02 9.24756E-02 9.26384E-02 9.28012E-02 9.29638E-02 9.31263E-02 9.32887E-02 9.34510E-02 9.36131E-02 9.37752E-02 9.39371E-02 % total
];

MAT_fuel_MDENS = [
1.42920E+00 1.36210E+00 1.29752E+00 1.23561E+00 1.17614E+00 1.11913E+00 1.06449E+00 1.01210E+00 9.61966E-01 9.13944E-01 8.68000E-01 % U235
1.07162E+01 1.06495E+01 1.05825E+01 1.05154E+01 1.04482E+01 1.03807E+01 1.03132E+01 1.02455E+01 1.01777E+01 1.01099E+01 1.00420E+01 % U238
0.00000E+00 1.46239E-04 1.47419E-04 1.48535E-04 1.49575E-04 1.50584E-04 1.51569E-04 1.52522E-04 1.53477E-04 1.54354E-04 1.55232E-04 % I131
0.00000E+00 3.38596E-05 3.38962E-05 3.39262E-05 3.39609E-05 3.39894E-05 3.40203E-05 3.40496E-05 3.40779E-05 3.41056E-05 3.41304E-05 % I133
0.00000E+00 2.05131E-04 2.05588E-04 2.05993E-04 2.06429E-04 2.06835E-04 2.07254E-04 2.07672E-04 2.08083E-04 2.08497E-04 2.08901E-04 % Xe133
0.00000E+00 1.49111E-05 1.49796E-05 1.50415E-05 1.51043E-05 1.51659E-05 1.52258E-05 1.52860E-05 1.53426E-05 1.54001E-05 1.54547E-05 % Xe135
0.00000E+00 0.00000E+00 0.00000E+00 0.00000E+00 0.00000E+00 0.00000E+00 0.00000E+00 0.00000E+00 0.00000E+00 0.00000E+00 0.00000E+00 % lost data
1.37800E+01 1.37799E+01 1.37797E+01 1.37796E+01 1.37794E+01 1.37792E+01 1.37791E+01 1.37789E+01 1.37788E+01 1.37786E+01 1.37785E+01 % total
];

MAT_fuel_A = [
9.78070E+10 9.32149E+10 8.87954E+10 8.45586E+10 8.04891E+10 7.65876E+10 7.28481E+10 6.92632E+10 6.58320E+10 6.25457E+10 5.94015E+10 % U235
1.14063E+11 1.13353E+11 1.12640E+11 1.11926E+11 1.11210E+11 1.10492E+11 1.09773E+11 1.09053E+11 1.08331E+11 1.07609E+11 1.06886E+11 % U238
0.00000E+00 5.75724E+17 5.80370E+17 5.84765E+17 5.88856E+17 5.92829E+17 5.96709E+17 6.00458E+17 6.04218E+17 6.07673E+17 6.11127E+17 % I131
0.00000E+00 1.21547E+18 1.21679E+18 1.21786E+18 1.21911E+18 1.22013E+18 1.22124E+18 1.22229E+18 1.22331E+18 1.22430E+18 1.22519E+18 % I133
0.00000E+00 1.21700E+18 1.21971E+18 1.22211E+18 1.22470E+18 1.22711E+18 1.22959E+18 1.23208E+18 1.23451E+18 1.23697E+18 1.23936E+18 % Xe133
0.00000E+00 1.20007E+18 1.20558E+18 1.21056E+18 1.21562E+18 1.22058E+18 1.22539E+18 1.23024E+18 1.23479E+18 1.23942E+18 1.24382E+18 % Xe135
0.00000E+00 0.00000E+00 0.00000E+00 0.00000E+00 0.00000E+00 0.00000E+00 0.00000E+00 0.00000E+00 0.00000E+00 0.00000E+00 0.00000E+00 % lost data
2.11870E+11 1.40144E+20 1.41948E+20 1.42562E+20 1.42897E+20 1.43040E+20 1.43084E+20 1.43189E+20 1.43151E+20 1.43207E+20 1.43110E+20 % total
];

MAT_fuel_H = [
7.33200E-02 6.98777E-02 6.65647E-02 6.33886E-02 6.03379E-02 5.74132E-02 5.46099E-02 5.19225E-02 4.93503E-02 4.68868E-02 4.45297E-02 % U235
7.80352E-02 7.75495E-02 7.70618E-02 7.65730E-02 7.60832E-02 7.55921E-02 7.51006E-02 7.46075E-02 7.41141E-02 7.36198E-02 7.31253E-02 % U238
0.00000E+00 5.29433E+04 5.33706E+04 5.37747E+04 5.41509E+04 5.45162E+04 5.48731E+04 5.52179E+04 5.55636E+04 5.58813E+04 5.61989E+04 % I131
0.00000E+00 1.98708E+05 1.98923E+05 1.99099E+05 1.99303E+05 1.99470E+05 1.99651E+05 1.99823E+05 1.99989E+05 2.00152E+05 2.00297E+05 % I133
0.00000E+00 3.50185E+04 3.50966E+04 3.51657E+04 3.52401E+04 3.53095E+04 3.53809E+04 3.54524E+04 3.55226E+04 3.55931E+04 3.56621E+04 % Xe133
0.00000E+00 1.08289E+05 1.08787E+05 1.09236E+05 1.09693E+05 1.10140E+05 1.10575E+05 1.11012E+05 1.11423E+05 1.11841E+05 1.12238E+05 % Xe135
0.00000E+00 0.00000E+00 0.00000E+00 0.00000E+00 0.00000E+00 0.00000E+00 0.00000E+00 0.00000E+00 0.00000E+00 0.00000E+00 0.00000E+00 % lost data
1.51355E-01 4.10319E+07 4.10033E+07 4.08797E+07 4.07208E+07 4.05460E+07 4.03749E+07 4.02018E+07 4.00351E+07 3.98660E+07 3.97038E+07 % total
];

MAT_fuel_SF = [
7.04210E+00 6.71147E+00 6.39327E+00 6.08822E+00 5.79521E+00 5.51431E+00 5.24506E+00 4.98695E+00 4.73991E+00 4.50329E+00 4.27691E+00 % U235
6.22783E+04 6.18907E+04 6.15015E+04 6.11114E+04 6.07205E+04 6.03285E+04 5.99363E+04 5.95428E+04 5.91490E+04 5.87545E+04 5.83598E+04 % U238
0.00000E+00 0.00000E+00 0.00000E+00 0.00000E+00 0.00000E+00 0.00000E+00 0.00000E+00 0.00000E+00 0.00000E+00 0.00000E+00 0.00000E+00 % I131
0.00000E+00 0.00000E+00 0.00000E+00 0.00000E+00 0.00000E+00 0.00000E+00 0.00000E+00 0.00000E+00 0.00000E+00 0.00000E+00 0.00000E+00 % I133
0.00000E+00 0.00000E+00 0.00000E+00 0.00000E+00 0.00000E+00 0.00000E+00 0.00000E+00 0.00000E+00 0.00000E+00 0.00000E+00 0.00000E+00 % Xe133
0.00000E+00 0.00000E+00 0.00000E+00 0.00000E+00 0.00000E+00 0.00000E+00 0.00000E+00 0.00000E+00 0.00000E+00 0.00000E+00 0.00000E+00 % Xe135
0.00000E+00 0.00000E+00 0.00000E+00 0.00000E+00 0.00000E+00 0.00000E+00 0.00000E+00 0.00000E+00 0.00000E+00 0.00000E+00 0.00000E+00 % lost data
6.22854E+04 1.99823E+05 5.67147E+05 1.17107E+06 2.04394E+06 3.23106E+06 4.80354E+06 6.84593E+06 9.44939E+06 1.27266E+07 1.67883E+07 % total
];

MAT_fuel_GSRC = [
1.23580E+11 1.17778E+11 1.12194E+11 1.06840E+11 1.01698E+11 9.67690E+10 9.20441E+10 8.75146E+10 8.31792E+10 7.90269E+10 7.50542E+10 % U235
1.01007E+10 1.00378E+10 9.97468E+09 9.91142E+09 9.84801E+09 9.78445E+09 9.72083E+09 9.65701E+09 9.59314E+09 9.52916E+09 9.46515E+09 % U238
0.00000E+00 6.12340E+17 6.17282E+17 6.21956E+17 6.26308E+17 6.30533E+17 6.34661E+17 6.38648E+17 6.42647E+17 6.46321E+17 6.49995E+17 % I131
0.00000E+00 1.27863E+18 1.28002E+18 1.28115E+18 1.28246E+18 1.28354E+18 1.28470E+18 1.28581E+18 1.28687E+18 1.28792E+18 1.28886E+18 % I133
0.00000E+00 1.10674E+18 1.10920E+18 1.11139E+18 1.11374E+18 1.11593E+18 1.11819E+18 1.12045E+18 1.12267E+18 1.12490E+18 1.12708E+18 % Xe133
0.00000E+00 1.19701E+18 1.20251E+18 1.20747E+18 1.21252E+18 1.21747E+18 1.22227E+18 1.22710E+18 1.23165E+18 1.23626E+18 1.24065E+18 % Xe135
0.00000E+00 0.00000E+00 0.00000E+00 0.00000E+00 0.00000E+00 0.00000E+00 0.00000E+00 0.00000E+00 0.00000E+00 0.00000E+00 0.00000E+00 % lost data
1.33680E+11 1.54112E+20 1.55133E+20 1.55356E+20 1.55489E+20 1.55489E+20 1.55415E+20 1.55462E+20 1.55341E+20 1.55370E+20 1.55205E+20 % total
];

