
ZAI = [
666
0
];

NAMES = [
'lost            '
'total           '
];

iLOST    = 1;
iTOT     = 2;

MAT_fuel_VOLUME = [ 6.88652E+03 6.88652E+03 6.88652E+03 6.88652E+03 6.88652E+03 6.88652E+03 6.88652E+03 6.88652E+03 6.88652E+03 6.88652E+03 6.88652E+03 ];

MAT_fuel_BURNUP = [ 0.00000E+00 5.00047E+00 1.00008E+01 1.50012E+01 2.00016E+01 2.50020E+01 3.00023E+01 3.50027E+01 4.00030E+01 4.50033E+01 5.00037E+01 ];

MAT_fuel_ADENS = [
0.00000E+00 0.00000E+00 0.00000E+00 0.00000E+00 0.00000E+00 0.00000E+00 0.00000E+00 0.00000E+00 0.00000E+00 0.00000E+00 0.00000E+00 % lost data
9.25510E-02 9.27137E-02 9.28765E-02 9.30392E-02 9.32020E-02 9.33647E-02 9.35275E-02 9.36902E-02 9.38529E-02 9.40156E-02 9.41783E-02 % total
];

MAT_fuel_MDENS = [
0.00000E+00 0.00000E+00 0.00000E+00 0.00000E+00 0.00000E+00 0.00000E+00 0.00000E+00 0.00000E+00 0.00000E+00 0.00000E+00 0.00000E+00 % lost data
1.37800E+01 1.37797E+01 1.37793E+01 1.37790E+01 1.37787E+01 1.37784E+01 1.37781E+01 1.37778E+01 1.37774E+01 1.37771E+01 1.37768E+01 % total
];

MAT_fuel_A = [
0.00000E+00 0.00000E+00 0.00000E+00 0.00000E+00 0.00000E+00 0.00000E+00 0.00000E+00 0.00000E+00 0.00000E+00 0.00000E+00 0.00000E+00 % lost data
2.99948E+09 9.10039E+19 9.55952E+19 9.81941E+19 9.99774E+19 1.01334E+20 1.02442E+20 1.03381E+20 1.04184E+20 1.04899E+20 1.05540E+20 % total
];

MAT_fuel_H = [
0.00000E+00 0.00000E+00 0.00000E+00 0.00000E+00 0.00000E+00 0.00000E+00 0.00000E+00 0.00000E+00 0.00000E+00 0.00000E+00 0.00000E+00 % lost data
2.20407E-03 3.57370E+07 3.63869E+07 3.67052E+07 3.69101E+07 3.70527E+07 3.71638E+07 3.72537E+07 3.73268E+07 3.73887E+07 3.74422E+07 % total
];

MAT_fuel_SF = [
0.00000E+00 0.00000E+00 0.00000E+00 0.00000E+00 0.00000E+00 0.00000E+00 0.00000E+00 0.00000E+00 0.00000E+00 0.00000E+00 0.00000E+00 % lost data
3.70834E+02 5.90108E+02 1.27945E+03 2.39121E+03 3.88143E+03 5.72521E+03 7.89169E+03 1.03695E+04 1.31342E+04 1.61874E+04 1.95182E+04 % total
];

MAT_fuel_GSRC = [
0.00000E+00 0.00000E+00 0.00000E+00 0.00000E+00 0.00000E+00 0.00000E+00 0.00000E+00 0.00000E+00 0.00000E+00 0.00000E+00 0.00000E+00 % lost data
2.99221E+09 9.80177E+19 1.02745E+20 1.05738E+20 1.07911E+20 1.09611E+20 1.11010E+20 1.12190E+20 1.13195E+20 1.14078E+20 1.14857E+20 % total
];

MAT_fuel_ING_TOX = [
0.00000E+00 0.00000E+00 0.00000E+00 0.00000E+00 0.00000E+00 0.00000E+00 0.00000E+00 0.00000E+00 0.00000E+00 0.00000E+00 0.00000E+00 % lost data
1.39618E+02 1.14917E+10 1.64023E+10 1.96291E+10 2.20327E+10 2.39571E+10 2.55727E+10 2.69746E+10 2.82178E+10 2.93400E+10 3.03644E+10 % total
];

MAT_fuel_INH_TOX = [
0.00000E+00 0.00000E+00 0.00000E+00 0.00000E+00 0.00000E+00 0.00000E+00 0.00000E+00 0.00000E+00 0.00000E+00 0.00000E+00 0.00000E+00 % lost data
2.51561E+04 6.12672E+09 9.33599E+09 1.17642E+10 1.37694E+10 1.55047E+10 1.70519E+10 1.84592E+10 1.97564E+10 2.09669E+10 2.21056E+10 % total
];

TOT_VOLUME = [ 6.88652E+03 6.88652E+03 6.88652E+03 6.88652E+03 6.88652E+03 6.88652E+03 6.88652E+03 6.88652E+03 6.88652E+03 6.88652E+03 6.88652E+03 ];

TOT_BURNUP = [ 0.00000E+00 5.00047E+00 1.00008E+01 1.50012E+01 2.00016E+01 2.50020E+01 3.00023E+01 3.50027E+01 4.00030E+01 4.50033E+01 5.00037E+01 ];

TOT_ADENS = [
0.00000E+00 0.00000E+00 0.00000E+00 0.00000E+00 0.00000E+00 0.00000E+00 0.00000E+00 0.00000E+00 0.00000E+00 0.00000E+00 0.00000E+00 % lost data
9.25510E-02 9.27137E-02 9.28765E-02 9.30392E-02 9.32020E-02 9.33647E-02 9.35275E-02 9.36902E-02 9.38529E-02 9.40156E-02 9.41783E-02 % total
];

TOT_MASS = [
0.00000E+00 0.00000E+00 0.00000E+00 0.00000E+00 0.00000E+00 0.00000E+00 0.00000E+00 0.00000E+00 0.00000E+00 0.00000E+00 0.00000E+00 % lost data
9.48962E+04 9.48940E+04 9.48918E+04 9.48895E+04 9.48873E+04 9.48851E+04 9.48829E+04 9.48808E+04 9.48786E+04 9.48764E+04 9.48743E+04 % total
];

TOT_A = [
0.00000E+00 0.00000E+00 0.00000E+00 0.00000E+00 0.00000E+00 0.00000E+00 0.00000E+00 0.00000E+00 0.00000E+00 0.00000E+00 0.00000E+00 % lost data
2.99948E+09 9.10039E+19 9.55952E+19 9.81941E+19 9.99774E+19 1.01334E+20 1.02442E+20 1.03381E+20 1.04184E+20 1.04899E+20 1.05540E+20 % total
];

TOT_H = [
0.00000E+00 0.00000E+00 0.00000E+00 0.00000E+00 0.00000E+00 0.00000E+00 0.00000E+00 0.00000E+00 0.00000E+00 0.00000E+00 0.00000E+00 % lost data
2.20407E-03 3.57370E+07 3.63869E+07 3.67052E+07 3.69101E+07 3.70527E+07 3.71638E+07 3.72537E+07 3.73268E+07 3.73887E+07 3.74422E+07 % total
];

TOT_SF = [
0.00000E+00 0.00000E+00 0.00000E+00 0.00000E+00 0.00000E+00 0.00000E+00 0.00000E+00 0.00000E+00 0.00000E+00 0.00000E+00 0.00000E+00 % lost data
3.70834E+02 5.90108E+02 1.27945E+03 2.39121E+03 3.88143E+03 5.72521E+03 7.89169E+03 1.03695E+04 1.31342E+04 1.61874E+04 1.95182E+04 % total
];

TOT_GSRC = [
0.00000E+00 0.00000E+00 0.00000E+00 0.00000E+00 0.00000E+00 0.00000E+00 0.00000E+00 0.00000E+00 0.00000E+00 0.00000E+00 0.00000E+00 % lost data
2.99221E+09 9.80177E+19 1.02745E+20 1.05738E+20 1.07911E+20 1.09611E+20 1.11010E+20 1.12190E+20 1.13195E+20 1.14078E+20 1.14857E+20 % total
];

TOT_ING_TOX = [
0.00000E+00 0.00000E+00 0.00000E+00 0.00000E+00 0.00000E+00 0.00000E+00 0.00000E+00 0.00000E+00 0.00000E+00 0.00000E+00 0.00000E+00 % lost data
1.39618E+02 1.14917E+10 1.64023E+10 1.96291E+10 2.20327E+10 2.39571E+10 2.55727E+10 2.69746E+10 2.82178E+10 2.93400E+10 3.03644E+10 % total
];

TOT_INH_TOX = [
0.00000E+00 0.00000E+00 0.00000E+00 0.00000E+00 0.00000E+00 0.00000E+00 0.00000E+00 0.00000E+00 0.00000E+00 0.00000E+00 0.00000E+00 % lost data
2.51561E+04 6.12672E+09 9.33599E+09 1.17642E+10 1.37694E+10 1.55047E+10 1.70519E+10 1.84592E+10 1.97564E+10 2.09669E+10 2.21056E+10 % total
];

BU = [ 0.00000E+00 5.00000E+00 1.00000E+01 1.50000E+01 2.00000E+01 2.50000E+01 3.00000E+01 3.50000E+01 4.00000E+01 4.50000E+01 5.00000E+01 ];

DAYS = [ 0.00000E+00 6.96755E-01 1.39351E+00 2.09026E+00 2.78702E+00 3.48377E+00 4.18053E+00 4.87728E+00 5.57404E+00 6.27079E+00 6.96755E+00 ];
