
DETflux_fuel = [
    1    1    1    1    1    1    1    1    1    1  7.77145E+14 0.00122 
];


DETflux_fuelE = [
 1.00000E-01  2.00000E+01  1.00500E+01
];
