
ZAI = [
666
0
];

NAMES = [
'lost            '
'total           '
];

iLOST    = 1;
iTOT     = 2;

MAT_fuel_VOLUME = [ 6.88652E+03 6.88652E+03 6.88652E+03 6.88652E+03 6.88652E+03 6.88652E+03 6.88652E+03 6.88652E+03 6.88652E+03 6.88652E+03 6.88652E+03 ];

MAT_fuel_BURNUP = [ 0.00000E+00 5.00030E+00 1.00007E+01 1.50010E+01 2.00014E+01 2.50017E+01 3.00021E+01 3.50025E+01 4.00028E+01 4.50032E+01 5.00035E+01 ];

MAT_fuel_ADENS = [
0.00000E+00 0.00000E+00 0.00000E+00 0.00000E+00 0.00000E+00 0.00000E+00 0.00000E+00 0.00000E+00 0.00000E+00 0.00000E+00 0.00000E+00 % lost data
9.26027E-02 9.27655E-02 9.29282E-02 9.30909E-02 9.32537E-02 9.34164E-02 9.35791E-02 9.37418E-02 9.39045E-02 9.40672E-02 9.42299E-02 % total
];

MAT_fuel_MDENS = [
0.00000E+00 0.00000E+00 0.00000E+00 0.00000E+00 0.00000E+00 0.00000E+00 0.00000E+00 0.00000E+00 0.00000E+00 0.00000E+00 0.00000E+00 % lost data
1.37800E+01 1.37797E+01 1.37793E+01 1.37790E+01 1.37786E+01 1.37783E+01 1.37780E+01 1.37776E+01 1.37773E+01 1.37770E+01 1.37767E+01 % total
];

MAT_fuel_A = [
0.00000E+00 0.00000E+00 0.00000E+00 0.00000E+00 0.00000E+00 0.00000E+00 0.00000E+00 0.00000E+00 0.00000E+00 0.00000E+00 0.00000E+00 % lost data
3.28061E+09 8.98913E+19 9.43213E+19 9.67732E+19 9.84442E+19 9.97098E+19 1.00734E+20 1.01597E+20 1.02341E+20 1.02995E+20 1.03581E+20 % total
];

MAT_fuel_H = [
0.00000E+00 0.00000E+00 0.00000E+00 0.00000E+00 0.00000E+00 0.00000E+00 0.00000E+00 0.00000E+00 0.00000E+00 0.00000E+00 0.00000E+00 % lost data
2.41821E-03 3.56062E+07 3.62430E+07 3.65488E+07 3.67404E+07 3.68799E+07 3.69872E+07 3.70727E+07 3.71452E+07 3.72043E+07 3.72581E+07 % total
];

MAT_fuel_SF = [
0.00000E+00 0.00000E+00 0.00000E+00 0.00000E+00 0.00000E+00 0.00000E+00 0.00000E+00 0.00000E+00 0.00000E+00 0.00000E+00 0.00000E+00 % lost data
3.42537E+02 4.90377E+02 9.54225E+02 1.70100E+03 2.70401E+03 3.94141E+03 5.39410E+03 7.05527E+03 8.91158E+03 1.09571E+04 1.31839E+04 % total
];

MAT_fuel_GSRC = [
0.00000E+00 0.00000E+00 0.00000E+00 0.00000E+00 0.00000E+00 0.00000E+00 0.00000E+00 0.00000E+00 0.00000E+00 0.00000E+00 0.00000E+00 % lost data
3.40836E+09 9.70967E+19 1.01556E+20 1.04317E+20 1.06306E+20 1.07856E+20 1.09122E+20 1.10187E+20 1.11098E+20 1.11893E+20 1.12593E+20 % total
];

MAT_fuel_ING_TOX = [
0.00000E+00 0.00000E+00 0.00000E+00 0.00000E+00 0.00000E+00 0.00000E+00 0.00000E+00 0.00000E+00 0.00000E+00 0.00000E+00 0.00000E+00 % lost data
1.52934E+02 1.13519E+10 1.61618E+10 1.93051E+10 2.16428E+10 2.35119E+10 2.50815E+10 2.64449E+10 2.76554E+10 2.87496E+10 2.97486E+10 % total
];

MAT_fuel_INH_TOX = [
0.00000E+00 0.00000E+00 0.00000E+00 0.00000E+00 0.00000E+00 0.00000E+00 0.00000E+00 0.00000E+00 0.00000E+00 0.00000E+00 0.00000E+00 % lost data
2.75716E+04 5.95529E+09 9.03394E+09 1.13519E+10 1.32673E+10 1.49262E+10 1.64075E+10 1.77575E+10 1.90047E+10 2.01705E+10 2.12678E+10 % total
];

TOT_VOLUME = [ 6.88652E+03 6.88652E+03 6.88652E+03 6.88652E+03 6.88652E+03 6.88652E+03 6.88652E+03 6.88652E+03 6.88652E+03 6.88652E+03 6.88652E+03 ];

TOT_BURNUP = [ 0.00000E+00 5.00030E+00 1.00007E+01 1.50010E+01 2.00014E+01 2.50017E+01 3.00021E+01 3.50025E+01 4.00028E+01 4.50032E+01 5.00035E+01 ];

TOT_ADENS = [
0.00000E+00 0.00000E+00 0.00000E+00 0.00000E+00 0.00000E+00 0.00000E+00 0.00000E+00 0.00000E+00 0.00000E+00 0.00000E+00 0.00000E+00 % lost data
9.26027E-02 9.27655E-02 9.29282E-02 9.30909E-02 9.32537E-02 9.34164E-02 9.35791E-02 9.37418E-02 9.39045E-02 9.40672E-02 9.42299E-02 % total
];

TOT_MASS = [
0.00000E+00 0.00000E+00 0.00000E+00 0.00000E+00 0.00000E+00 0.00000E+00 0.00000E+00 0.00000E+00 0.00000E+00 0.00000E+00 0.00000E+00 % lost data
9.48962E+04 9.48939E+04 9.48916E+04 9.48892E+04 9.48869E+04 9.48846E+04 9.48823E+04 9.48800E+04 9.48777E+04 9.48755E+04 9.48732E+04 % total
];

TOT_A = [
0.00000E+00 0.00000E+00 0.00000E+00 0.00000E+00 0.00000E+00 0.00000E+00 0.00000E+00 0.00000E+00 0.00000E+00 0.00000E+00 0.00000E+00 % lost data
3.28061E+09 8.98913E+19 9.43213E+19 9.67732E+19 9.84442E+19 9.97098E+19 1.00734E+20 1.01597E+20 1.02341E+20 1.02995E+20 1.03581E+20 % total
];

TOT_H = [
0.00000E+00 0.00000E+00 0.00000E+00 0.00000E+00 0.00000E+00 0.00000E+00 0.00000E+00 0.00000E+00 0.00000E+00 0.00000E+00 0.00000E+00 % lost data
2.41821E-03 3.56062E+07 3.62430E+07 3.65488E+07 3.67404E+07 3.68799E+07 3.69872E+07 3.70727E+07 3.71452E+07 3.72043E+07 3.72581E+07 % total
];

TOT_SF = [
0.00000E+00 0.00000E+00 0.00000E+00 0.00000E+00 0.00000E+00 0.00000E+00 0.00000E+00 0.00000E+00 0.00000E+00 0.00000E+00 0.00000E+00 % lost data
3.42537E+02 4.90377E+02 9.54225E+02 1.70100E+03 2.70401E+03 3.94141E+03 5.39410E+03 7.05527E+03 8.91158E+03 1.09571E+04 1.31839E+04 % total
];

TOT_GSRC = [
0.00000E+00 0.00000E+00 0.00000E+00 0.00000E+00 0.00000E+00 0.00000E+00 0.00000E+00 0.00000E+00 0.00000E+00 0.00000E+00 0.00000E+00 % lost data
3.40836E+09 9.70967E+19 1.01556E+20 1.04317E+20 1.06306E+20 1.07856E+20 1.09122E+20 1.10187E+20 1.11098E+20 1.11893E+20 1.12593E+20 % total
];

TOT_ING_TOX = [
0.00000E+00 0.00000E+00 0.00000E+00 0.00000E+00 0.00000E+00 0.00000E+00 0.00000E+00 0.00000E+00 0.00000E+00 0.00000E+00 0.00000E+00 % lost data
1.52934E+02 1.13519E+10 1.61618E+10 1.93051E+10 2.16428E+10 2.35119E+10 2.50815E+10 2.64449E+10 2.76554E+10 2.87496E+10 2.97486E+10 % total
];

TOT_INH_TOX = [
0.00000E+00 0.00000E+00 0.00000E+00 0.00000E+00 0.00000E+00 0.00000E+00 0.00000E+00 0.00000E+00 0.00000E+00 0.00000E+00 0.00000E+00 % lost data
2.75716E+04 5.95529E+09 9.03394E+09 1.13519E+10 1.32673E+10 1.49262E+10 1.64075E+10 1.77575E+10 1.90047E+10 2.01705E+10 2.12678E+10 % total
];

BU = [ 0.00000E+00 5.00000E+00 1.00000E+01 1.50000E+01 2.00000E+01 2.50000E+01 3.00000E+01 3.50000E+01 4.00000E+01 4.50000E+01 5.00000E+01 ];

DAYS = [ 0.00000E+00 6.96702E-01 1.39340E+00 2.09011E+00 2.78681E+00 3.48351E+00 4.18021E+00 4.87691E+00 5.57362E+00 6.27032E+00 6.96702E+00 ];
