
ZAI = [
70140
70150
922340
922350
922360
922380
942380
942390
942400
942410
942420
952410
952421
952430
962420
962440
666
0
];

NAMES = [
'N14             '
'N15             '
'U234            '
'U235            '
'U236            '
'U238            '
'Pu238           '
'Pu239           '
'Pu240           '
'Pu241           '
'Pu242           '
'Am241           '
'Am242m          '
'Am243           '
'Cm242           '
'Cm244           '
'lost            '
'total           '
];

i70140  = 1; iN14              = 1;
i70150  = 2; iN15              = 2;
i922340 = 3; iU234             = 3;
i922350 = 4; iU235             = 4;
i922360 = 5; iU236             = 5;
i922380 = 6; iU238             = 6;
i942380 = 7; iPu238            = 7;
i942390 = 8; iPu239            = 8;
i942400 = 9; iPu240            = 9;
i942410 = 10; iPu241            = 10;
i942420 = 11; iPu242            = 11;
i952410 = 12; iAm241            = 12;
i952421 = 13; iAm242m           = 13;
i952430 = 14; iAm243            = 14;
i962420 = 15; iCm242            = 15;
i962440 = 16; iCm244            = 16;
iLOST    = 17;
iTOT     = 18;

MAT_fuel_VOLUME = [ 4.34730E+06 4.34730E+06 4.34730E+06 4.34730E+06 4.34730E+06 4.34730E+06 4.34730E+06 4.34730E+06 4.34730E+06 4.34730E+06 4.34730E+06 4.34730E+06 4.34730E+06 4.34730E+06 4.34730E+06 4.34730E+06 ];

MAT_fuel_BURNUP = [ 0.00000E+00 1.00007E-01 5.00030E-01 1.17908E+01 2.30713E+01 3.43620E+01 4.56424E+01 5.69330E+01 6.82132E+01 7.95037E+01 9.07942E+01 1.02074E+02 1.13365E+02 1.24645E+02 1.35936E+02 1.58506E+02 ];

MAT_fuel_ADENS = [
0.00000E+00 1.29300E-18 3.22799E-17 1.81665E-14 7.03701E-14 1.57785E-13 2.81128E-13 4.41373E-13 6.38660E-13 8.73840E-13 1.14714E-12 1.45859E-12 1.80908E-12 2.19814E-12 2.62698E-12 3.60263E-12 % N14
0.00000E+00 1.25898E-11 5.33344E-11 1.41434E-09 2.64863E-09 3.75316E-09 4.93508E-09 6.25459E-09 7.50881E-09 8.72282E-09 9.91589E-09 1.10849E-08 1.22274E-08 1.32712E-08 1.44356E-08 1.67197E-08 % N15
0.00000E+00 9.08577E-09 4.53290E-08 1.07077E-06 2.20293E-06 3.46333E-06 4.82110E-06 6.24766E-06 7.71063E-06 9.18751E-06 1.06574E-05 1.20984E-05 1.35019E-05 1.48503E-05 1.61377E-05 1.84933E-05 % U234
0.00000E+00 4.87376E-10 2.46656E-09 6.88401E-08 1.55147E-07 2.61444E-07 3.88402E-07 5.34549E-07 6.99648E-07 8.82650E-07 1.07976E-06 1.29135E-06 1.51223E-06 1.74281E-06 1.97922E-06 2.46109E-06 % U235
0.00000E+00 9.47378E-10 4.63440E-09 1.10757E-07 2.15887E-07 3.20967E-07 4.28481E-07 5.39390E-07 6.52502E-07 7.68805E-07 8.88528E-07 1.01203E-06 1.13948E-06 1.27042E-06 1.40678E-06 1.69222E-06 % U236
1.96670E-02 1.96644E-02 1.96540E-02 1.93622E-02 1.90738E-02 1.87888E-02 1.85085E-02 1.82319E-02 1.79594E-02 1.76906E-02 1.74254E-02 1.71635E-02 1.69040E-02 1.66478E-02 1.63942E-02 1.58937E-02 % U238
1.15994E-04 1.15901E-04 1.15579E-04 1.25506E-04 1.45724E-04 1.64468E-04 1.79964E-04 1.92291E-04 2.01755E-04 2.08711E-04 2.13459E-04 2.16273E-04 2.17491E-04 2.17305E-04 2.15896E-04 2.10175E-04 % Pu238
1.72003E-03 1.71926E-03 1.72091E-03 1.78234E-03 1.83515E-03 1.88046E-03 1.91829E-03 1.94977E-03 1.97538E-03 1.99542E-03 2.01081E-03 2.02177E-03 2.02922E-03 2.03288E-03 2.03329E-03 2.02596E-03 % Pu239
7.88761E-04 7.88815E-04 7.89039E-04 7.96765E-04 8.07060E-04 8.19361E-04 8.33100E-04 8.47791E-04 8.63204E-04 8.78996E-04 8.94923E-04 9.10911E-04 9.26636E-04 9.42116E-04 9.56911E-04 9.84784E-04 % Pu240
4.27522E-04 4.26940E-04 4.24623E-04 3.65538E-04 3.17062E-04 2.77392E-04 2.45030E-04 2.18695E-04 1.97353E-04 1.80074E-04 1.66159E-04 1.55046E-04 1.46185E-04 1.39229E-04 1.33820E-04 1.26652E-04 % Pu241
2.61816E-04 2.61868E-04 2.62146E-04 2.68919E-04 2.73873E-04 2.77271E-04 2.79300E-04 2.80197E-04 2.80173E-04 2.79370E-04 2.77907E-04 2.75902E-04 2.73448E-04 2.70626E-04 2.67499E-04 2.60516E-04 % Pu242
6.04767E-04 6.04443E-04 6.03145E-04 5.66706E-04 5.30801E-04 4.95965E-04 4.62694E-04 4.31100E-04 4.01252E-04 3.73227E-04 3.47022E-04 3.22573E-04 2.99824E-04 2.78733E-04 2.59251E-04 2.24662E-04 % Am241
0.00000E+00 3.61415E-08 1.79994E-07 3.77227E-06 6.57569E-06 8.71654E-06 1.02971E-05 1.14224E-05 1.21791E-05 1.26361E-05 1.28524E-05 1.28778E-05 1.27532E-05 1.25135E-05 1.21826E-05 1.13453E-05 % Am242m
6.04767E-04 6.04363E-04 6.02769E-04 5.59785E-04 5.20345E-04 4.84195E-04 4.51165E-04 4.20880E-04 3.93083E-04 3.67522E-04 3.44003E-04 3.22288E-04 3.02223E-04 2.83694E-04 2.66540E-04 2.35887E-04 % Am243
0.00000E+00 2.51085E-07 1.55547E-06 1.74457E-05 1.90779E-05 1.83113E-05 1.71638E-05 1.59770E-05 1.48990E-05 1.38627E-05 1.28871E-05 1.20235E-05 1.12091E-05 1.04585E-05 9.75175E-06 8.53970E-06 % Cm242
0.00000E+00 3.89357E-07 1.96735E-06 4.25806E-05 7.64348E-05 1.04372E-04 1.27071E-04 1.45283E-04 1.59688E-04 1.70798E-04 1.79086E-04 1.85054E-04 1.89000E-04 1.91231E-04 1.91983E-04 1.90048E-04 % Cm244
0.00000E+00 0.00000E+00 0.00000E+00 0.00000E+00 0.00000E+00 0.00000E+00 0.00000E+00 0.00000E+00 0.00000E+00 0.00000E+00 0.00000E+00 0.00000E+00 0.00000E+00 0.00000E+00 0.00000E+00 0.00000E+00 % lost data
7.25720E-02 7.25746E-02 7.25847E-02 7.28914E-02 7.32116E-02 7.35338E-02 7.38551E-02 7.41757E-02 7.44947E-02 7.48129E-02 7.51297E-02 7.54450E-02 7.57593E-02 7.60720E-02 7.63838E-02 7.70037E-02 % total
];

