
ZAI = [
666
0
];

NAMES = [
'lost            '
'total           '
];

iLOST    = 1;
iTOT     = 2;

MAT_fuel_VOLUME = [ 6.88652E+03 6.88652E+03 6.88652E+03 6.88652E+03 6.88652E+03 6.88652E+03 6.88652E+03 6.88652E+03 6.88652E+03 6.88652E+03 6.88652E+03 ];

MAT_fuel_BURNUP = [ 0.00000E+00 5.00035E+00 1.00007E+01 1.50010E+01 2.00013E+01 2.50017E+01 3.00021E+01 3.50024E+01 4.00027E+01 4.50030E+01 5.00034E+01 ];

MAT_fuel_ADENS = [
0.00000E+00 0.00000E+00 0.00000E+00 0.00000E+00 0.00000E+00 0.00000E+00 0.00000E+00 0.00000E+00 0.00000E+00 0.00000E+00 0.00000E+00 % lost data
9.26545E-02 9.28173E-02 9.29800E-02 9.31427E-02 9.33054E-02 9.34681E-02 9.36308E-02 9.37936E-02 9.39563E-02 9.41189E-02 9.42816E-02 % total
];

MAT_fuel_MDENS = [
0.00000E+00 0.00000E+00 0.00000E+00 0.00000E+00 0.00000E+00 0.00000E+00 0.00000E+00 0.00000E+00 0.00000E+00 0.00000E+00 0.00000E+00 % lost data
1.37800E+01 1.37796E+01 1.37793E+01 1.37789E+01 1.37786E+01 1.37783E+01 1.37779E+01 1.37776E+01 1.37772E+01 1.37769E+01 1.37765E+01 % total
];

MAT_fuel_A = [
0.00000E+00 0.00000E+00 0.00000E+00 0.00000E+00 0.00000E+00 0.00000E+00 0.00000E+00 0.00000E+00 0.00000E+00 0.00000E+00 0.00000E+00 % lost data
3.56205E+09 8.90216E+19 9.33331E+19 9.56801E+19 9.72638E+19 9.84582E+19 9.94163E+19 1.00223E+20 1.00918E+20 1.01532E+20 1.02083E+20 % total
];

MAT_fuel_H = [
0.00000E+00 0.00000E+00 0.00000E+00 0.00000E+00 0.00000E+00 0.00000E+00 0.00000E+00 0.00000E+00 0.00000E+00 0.00000E+00 0.00000E+00 % lost data
2.63259E-03 3.54976E+07 3.61238E+07 3.64209E+07 3.66085E+07 3.67411E+07 3.68451E+07 3.69277E+07 3.69967E+07 3.70603E+07 3.71117E+07 % total
];

MAT_fuel_SF = [
0.00000E+00 0.00000E+00 0.00000E+00 0.00000E+00 0.00000E+00 0.00000E+00 0.00000E+00 0.00000E+00 0.00000E+00 0.00000E+00 0.00000E+00 % lost data
3.14207E+02 4.16547E+02 7.38401E+02 1.25528E+03 1.94683E+03 2.80130E+03 3.80251E+03 4.94601E+03 6.22394E+03 7.62577E+03 9.15725E+03 % total
];

MAT_fuel_GSRC = [
0.00000E+00 0.00000E+00 0.00000E+00 0.00000E+00 0.00000E+00 0.00000E+00 0.00000E+00 0.00000E+00 0.00000E+00 0.00000E+00 0.00000E+00 % lost data
3.82498E+09 9.63839E+19 1.00642E+20 1.03233E+20 1.05081E+20 1.06514E+20 1.07679E+20 1.08658E+20 1.09495E+20 1.10226E+20 1.10871E+20 % total
];

MAT_fuel_ING_TOX = [
0.00000E+00 0.00000E+00 0.00000E+00 0.00000E+00 0.00000E+00 0.00000E+00 0.00000E+00 0.00000E+00 0.00000E+00 0.00000E+00 0.00000E+00 % lost data
1.66266E+02 1.12449E+10 1.59780E+10 1.90583E+10 2.13436E+10 2.31710E+10 2.47049E+10 2.60382E+10 2.72241E+10 2.82954E+10 2.92763E+10 % total
];

MAT_fuel_INH_TOX = [
0.00000E+00 0.00000E+00 0.00000E+00 0.00000E+00 0.00000E+00 0.00000E+00 0.00000E+00 0.00000E+00 0.00000E+00 0.00000E+00 0.00000E+00 % lost data
2.99899E+04 5.82355E+09 8.80247E+09 1.10371E+10 1.28816E+10 1.44819E+10 1.59121E+10 1.72180E+10 1.84268E+10 1.95570E+10 2.06237E+10 % total
];

TOT_VOLUME = [ 6.88652E+03 6.88652E+03 6.88652E+03 6.88652E+03 6.88652E+03 6.88652E+03 6.88652E+03 6.88652E+03 6.88652E+03 6.88652E+03 6.88652E+03 ];

TOT_BURNUP = [ 0.00000E+00 5.00035E+00 1.00007E+01 1.50010E+01 2.00013E+01 2.50017E+01 3.00021E+01 3.50024E+01 4.00027E+01 4.50030E+01 5.00034E+01 ];

TOT_ADENS = [
0.00000E+00 0.00000E+00 0.00000E+00 0.00000E+00 0.00000E+00 0.00000E+00 0.00000E+00 0.00000E+00 0.00000E+00 0.00000E+00 0.00000E+00 % lost data
9.26545E-02 9.28173E-02 9.29800E-02 9.31427E-02 9.33054E-02 9.34681E-02 9.36308E-02 9.37936E-02 9.39563E-02 9.41189E-02 9.42816E-02 % total
];

TOT_MASS = [
0.00000E+00 0.00000E+00 0.00000E+00 0.00000E+00 0.00000E+00 0.00000E+00 0.00000E+00 0.00000E+00 0.00000E+00 0.00000E+00 0.00000E+00 % lost data
9.48962E+04 9.48938E+04 9.48914E+04 9.48890E+04 9.48866E+04 9.48842E+04 9.48818E+04 9.48794E+04 9.48771E+04 9.48747E+04 9.48723E+04 % total
];

TOT_A = [
0.00000E+00 0.00000E+00 0.00000E+00 0.00000E+00 0.00000E+00 0.00000E+00 0.00000E+00 0.00000E+00 0.00000E+00 0.00000E+00 0.00000E+00 % lost data
3.56205E+09 8.90216E+19 9.33331E+19 9.56801E+19 9.72638E+19 9.84582E+19 9.94163E+19 1.00223E+20 1.00918E+20 1.01532E+20 1.02083E+20 % total
];

TOT_H = [
0.00000E+00 0.00000E+00 0.00000E+00 0.00000E+00 0.00000E+00 0.00000E+00 0.00000E+00 0.00000E+00 0.00000E+00 0.00000E+00 0.00000E+00 % lost data
2.63259E-03 3.54976E+07 3.61238E+07 3.64209E+07 3.66085E+07 3.67411E+07 3.68451E+07 3.69277E+07 3.69967E+07 3.70603E+07 3.71117E+07 % total
];

TOT_SF = [
0.00000E+00 0.00000E+00 0.00000E+00 0.00000E+00 0.00000E+00 0.00000E+00 0.00000E+00 0.00000E+00 0.00000E+00 0.00000E+00 0.00000E+00 % lost data
3.14207E+02 4.16547E+02 7.38401E+02 1.25528E+03 1.94683E+03 2.80130E+03 3.80251E+03 4.94601E+03 6.22394E+03 7.62577E+03 9.15725E+03 % total
];

TOT_GSRC = [
0.00000E+00 0.00000E+00 0.00000E+00 0.00000E+00 0.00000E+00 0.00000E+00 0.00000E+00 0.00000E+00 0.00000E+00 0.00000E+00 0.00000E+00 % lost data
3.82498E+09 9.63839E+19 1.00642E+20 1.03233E+20 1.05081E+20 1.06514E+20 1.07679E+20 1.08658E+20 1.09495E+20 1.10226E+20 1.10871E+20 % total
];

TOT_ING_TOX = [
0.00000E+00 0.00000E+00 0.00000E+00 0.00000E+00 0.00000E+00 0.00000E+00 0.00000E+00 0.00000E+00 0.00000E+00 0.00000E+00 0.00000E+00 % lost data
1.66266E+02 1.12449E+10 1.59780E+10 1.90583E+10 2.13436E+10 2.31710E+10 2.47049E+10 2.60382E+10 2.72241E+10 2.82954E+10 2.92763E+10 % total
];

TOT_INH_TOX = [
0.00000E+00 0.00000E+00 0.00000E+00 0.00000E+00 0.00000E+00 0.00000E+00 0.00000E+00 0.00000E+00 0.00000E+00 0.00000E+00 0.00000E+00 % lost data
2.99899E+04 5.82355E+09 8.80247E+09 1.10371E+10 1.28816E+10 1.44819E+10 1.59121E+10 1.72180E+10 1.84268E+10 1.95570E+10 2.06237E+10 % total
];

BU = [ 0.00000E+00 5.00000E+00 1.00000E+01 1.50000E+01 2.00000E+01 2.50000E+01 3.00000E+01 3.50000E+01 4.00000E+01 4.50000E+01 5.00000E+01 ];

DAYS = [ 0.00000E+00 6.96649E-01 1.39330E+00 2.08995E+00 2.78660E+00 3.48325E+00 4.17990E+00 4.87655E+00 5.57320E+00 6.26984E+00 6.96649E+00 ];
