
ZAI = [
70140
70150
922340
922350
922360
922380
942380
942390
942400
942410
942420
952410
952421
952430
962420
962440
666
0
];

NAMES = [
'N14             '
'N15             '
'U234            '
'U235            '
'U236            '
'U238            '
'Pu238           '
'Pu239           '
'Pu240           '
'Pu241           '
'Pu242           '
'Am241           '
'Am242m          '
'Am243           '
'Cm242           '
'Cm244           '
'lost            '
'total           '
];

i70140  = 1; iN14              = 1;
i70150  = 2; iN15              = 2;
i922340 = 3; iU234             = 3;
i922350 = 4; iU235             = 4;
i922360 = 5; iU236             = 5;
i922380 = 6; iU238             = 6;
i942380 = 7; iPu238            = 7;
i942390 = 8; iPu239            = 8;
i942400 = 9; iPu240            = 9;
i942410 = 10; iPu241            = 10;
i942420 = 11; iPu242            = 11;
i952410 = 12; iAm241            = 12;
i952421 = 13; iAm242m           = 13;
i952430 = 14; iAm243            = 14;
i962420 = 15; iCm242            = 15;
i962440 = 16; iCm244            = 16;
iLOST    = 17;
iTOT     = 18;

MAT_fuel_VOLUME = [ 4.34730E+06 4.34730E+06 4.34730E+06 4.34730E+06 4.34730E+06 4.34730E+06 4.34730E+06 4.34730E+06 4.34730E+06 4.34730E+06 4.34730E+06 4.34730E+06 4.34730E+06 4.34730E+06 4.34730E+06 4.34730E+06 ];

MAT_fuel_BURNUP = [ 0.00000E+00 1.00006E-01 5.00029E-01 1.17905E+01 2.30710E+01 3.43614E+01 4.56420E+01 5.69322E+01 6.82125E+01 7.95031E+01 9.07936E+01 1.02074E+02 1.13364E+02 1.24645E+02 1.35935E+02 1.58506E+02 ];

MAT_fuel_ADENS = [
0.00000E+00 1.28995E-18 3.22831E-17 1.82166E-14 7.05987E-14 1.58063E-13 2.81610E-13 4.41833E-13 6.39297E-13 8.74698E-13 1.14804E-12 1.45944E-12 1.81013E-12 2.19928E-12 2.62788E-12 3.60376E-12 % N14
0.00000E+00 1.03544E-11 5.26664E-11 1.48417E-09 2.94468E-09 4.03217E-09 5.43276E-09 6.60400E-09 7.97417E-09 9.37029E-09 1.06213E-08 1.17749E-08 1.30799E-08 1.42374E-08 1.53294E-08 1.78417E-08 % N15
0.00000E+00 9.15206E-09 4.56604E-08 1.07796E-06 2.21597E-06 3.48011E-06 4.84166E-06 6.27064E-06 7.73682E-06 9.21852E-06 1.06909E-05 1.21365E-05 1.35431E-05 1.48952E-05 1.61848E-05 1.85457E-05 % U234
0.00000E+00 4.90933E-10 2.48431E-09 6.92873E-08 1.55807E-07 2.62826E-07 3.89469E-07 5.36520E-07 7.01706E-07 8.83246E-07 1.08149E-06 1.29247E-06 1.51441E-06 1.74555E-06 1.98420E-06 2.46983E-06 % U235
0.00000E+00 9.28557E-10 4.66187E-09 1.12398E-07 2.20483E-07 3.25956E-07 4.36256E-07 5.46244E-07 6.61022E-07 7.79544E-07 9.00110E-07 1.02400E-06 1.15323E-06 1.28539E-06 1.42107E-06 1.70941E-06 % U236
1.96427E-02 1.96401E-02 1.96298E-02 1.93393E-02 1.90529E-02 1.87693E-02 1.84901E-02 1.82152E-02 1.79439E-02 1.76759E-02 1.74115E-02 1.71502E-02 1.68915E-02 1.66361E-02 1.63830E-02 1.58833E-02 % U238
1.16840E-04 1.16747E-04 1.16424E-04 1.26228E-04 1.46301E-04 1.64880E-04 1.80324E-04 1.92654E-04 2.02130E-04 2.09105E-04 2.13880E-04 2.16756E-04 2.18012E-04 2.17846E-04 2.16471E-04 2.10817E-04 % Pu238
1.73257E-03 1.73180E-03 1.73339E-03 1.79304E-03 1.84413E-03 1.88814E-03 1.92492E-03 1.95499E-03 1.97957E-03 1.99911E-03 2.01376E-03 2.02446E-03 2.03137E-03 2.03456E-03 2.03468E-03 2.02674E-03 % Pu239
7.94514E-04 7.94568E-04 7.94785E-04 8.02511E-04 8.12617E-04 8.24794E-04 8.38409E-04 8.52966E-04 8.68271E-04 8.83801E-04 8.99626E-04 9.15402E-04 9.30975E-04 9.46147E-04 9.60837E-04 9.88556E-04 % Pu240
4.30640E-04 4.30056E-04 4.27735E-04 3.68321E-04 3.19651E-04 2.79691E-04 2.47106E-04 2.20529E-04 1.98960E-04 1.81496E-04 1.67392E-04 1.56159E-04 1.47194E-04 1.40143E-04 1.34628E-04 1.27243E-04 % Pu241
2.63725E-04 2.63777E-04 2.64053E-04 2.70798E-04 2.75692E-04 2.79069E-04 2.81098E-04 2.81983E-04 2.81973E-04 2.81145E-04 2.79665E-04 2.77629E-04 2.75163E-04 2.72320E-04 2.69166E-04 2.62164E-04 % Pu242
6.04763E-04 6.04444E-04 6.03167E-04 5.67058E-04 5.31600E-04 4.97057E-04 4.63921E-04 4.32433E-04 4.02662E-04 3.74700E-04 3.48498E-04 3.24016E-04 3.01222E-04 2.80116E-04 2.60555E-04 2.25818E-04 % Am241
0.00000E+00 3.58917E-08 1.78647E-07 3.76067E-06 6.54941E-06 8.68870E-06 1.02776E-05 1.14112E-05 1.21764E-05 1.26399E-05 1.28640E-05 1.28974E-05 1.27789E-05 1.25416E-05 1.22156E-05 1.13835E-05 % Am242m
6.04763E-04 6.04362E-04 6.02777E-04 5.59950E-04 5.20799E-04 4.84797E-04 4.51865E-04 4.21673E-04 3.93911E-04 3.68408E-04 3.44913E-04 3.23236E-04 3.03186E-04 2.84665E-04 2.67496E-04 2.36766E-04 % Am243
0.00000E+00 2.49269E-07 1.54391E-06 1.74045E-05 1.89718E-05 1.82597E-05 1.71546E-05 1.59806E-05 1.49025E-05 1.38642E-05 1.29144E-05 1.20596E-05 1.12458E-05 1.04883E-05 9.79504E-06 8.58498E-06 % Cm242
0.00000E+00 3.86581E-07 1.95500E-06 4.24478E-05 7.60802E-05 1.03943E-04 1.26632E-04 1.44853E-04 1.59289E-04 1.70408E-04 1.78755E-04 1.84789E-04 1.88785E-04 1.91062E-04 1.91901E-04 1.90123E-04 % Cm244
0.00000E+00 0.00000E+00 0.00000E+00 0.00000E+00 0.00000E+00 0.00000E+00 0.00000E+00 0.00000E+00 0.00000E+00 0.00000E+00 0.00000E+00 0.00000E+00 0.00000E+00 0.00000E+00 0.00000E+00 0.00000E+00 % lost data
7.25716E-02 7.25741E-02 7.25843E-02 7.28916E-02 7.32116E-02 7.35335E-02 7.38548E-02 7.41753E-02 7.44944E-02 7.48125E-02 7.51294E-02 7.54446E-02 7.57590E-02 7.60718E-02 7.63836E-02 7.70037E-02 % total
];

