
ZAI = [
70140
70150
922340
922350
922360
922380
942380
942390
942400
942410
942420
952410
952421
952430
962420
962440
666
0
];

NAMES = [
'N14             '
'N15             '
'U234            '
'U235            '
'U236            '
'U238            '
'Pu238           '
'Pu239           '
'Pu240           '
'Pu241           '
'Pu242           '
'Am241           '
'Am242m          '
'Am243           '
'Cm242           '
'Cm244           '
'lost            '
'total           '
];

i70140  = 1; iN14              = 1;
i70150  = 2; iN15              = 2;
i922340 = 3; iU234             = 3;
i922350 = 4; iU235             = 4;
i922360 = 5; iU236             = 5;
i922380 = 6; iU238             = 6;
i942380 = 7; iPu238            = 7;
i942390 = 8; iPu239            = 8;
i942400 = 9; iPu240            = 9;
i942410 = 10; iPu241            = 10;
i942420 = 11; iPu242            = 11;
i952410 = 12; iAm241            = 12;
i952421 = 13; iAm242m           = 13;
i952430 = 14; iAm243            = 14;
i962420 = 15; iCm242            = 15;
i962440 = 16; iCm244            = 16;
iLOST    = 17;
iTOT     = 18;

MAT_fuel_VOLUME = [ 4.34730E+06 4.34730E+06 4.34730E+06 4.34730E+06 4.34730E+06 4.34730E+06 4.34730E+06 4.34730E+06 4.34730E+06 4.34730E+06 4.34730E+06 4.34730E+06 4.34730E+06 4.34730E+06 4.34730E+06 4.34730E+06 ];

MAT_fuel_BURNUP = [ 0.00000E+00 1.00004E-01 5.00019E-01 1.17906E+01 2.30711E+01 3.43616E+01 4.56419E+01 5.69322E+01 6.82127E+01 7.95032E+01 9.07935E+01 1.02074E+02 1.13364E+02 1.24645E+02 1.35935E+02 1.58506E+02 ];

MAT_fuel_ADENS = [
0.00000E+00 1.28896E-18 3.22606E-17 1.81482E-14 7.02483E-14 1.57247E-13 2.79835E-13 4.38846E-13 6.34444E-13 8.67631E-13 1.13826E-12 1.44652E-12 1.79365E-12 2.17881E-12 2.60300E-12 3.56795E-12 % N14
0.00000E+00 1.00590E-11 5.28367E-11 1.27651E-09 2.54327E-09 3.64161E-09 4.88407E-09 6.20360E-09 7.41516E-09 8.82426E-09 9.97736E-09 1.10695E-08 1.23735E-08 1.35513E-08 1.46953E-08 1.69928E-08 % N15
0.00000E+00 9.94752E-09 4.96353E-08 1.16531E-06 2.36910E-06 3.68521E-06 5.08872E-06 6.55493E-06 8.05741E-06 9.57409E-06 1.10853E-05 1.25723E-05 1.40221E-05 1.54213E-05 1.67621E-05 1.92212E-05 % U234
0.00000E+00 5.33511E-10 2.69788E-09 7.38694E-08 1.64056E-07 2.73795E-07 4.03686E-07 5.53519E-07 7.20723E-07 9.06032E-07 1.10652E-06 1.32012E-06 1.54624E-06 1.78046E-06 2.02119E-06 2.52142E-06 % U235
0.00000E+00 9.98953E-10 5.00504E-09 1.18524E-07 2.32376E-07 3.45431E-07 4.61173E-07 5.79738E-07 6.99648E-07 8.24218E-07 9.49862E-07 1.07819E-06 1.21245E-06 1.34957E-06 1.49022E-06 1.78426E-06 % U236
1.93510E-02 1.93486E-02 1.93391E-02 1.90720E-02 1.88056E-02 1.85407E-02 1.82779E-02 1.80168E-02 1.77582E-02 1.75017E-02 1.72471E-02 1.69951E-02 1.67448E-02 1.64970E-02 1.62507E-02 1.57635E-02 % U238
1.26991E-04 1.26896E-04 1.26560E-04 1.34724E-04 1.52904E-04 1.70204E-04 1.84908E-04 1.96913E-04 2.06414E-04 2.13611E-04 2.18785E-04 2.22114E-04 2.23849E-04 2.24159E-04 2.23213E-04 2.18300E-04 % Pu238
1.88309E-03 1.88222E-03 1.88304E-03 1.92098E-03 1.95373E-03 1.98137E-03 2.00422E-03 2.02280E-03 2.03731E-03 2.04806E-03 2.05539E-03 2.05937E-03 2.06050E-03 2.05879E-03 2.05466E-03 2.03987E-03 % Pu239
8.63537E-04 8.63583E-04 8.63776E-04 8.70425E-04 8.79229E-04 8.89562E-04 9.01173E-04 9.13681E-04 9.26776E-04 9.40241E-04 9.53991E-04 9.67690E-04 9.81306E-04 9.94464E-04 1.00732E-03 1.03124E-03 % Pu240
4.68051E-04 4.67446E-04 4.65031E-04 4.02859E-04 3.51052E-04 3.08040E-04 2.72514E-04 2.43200E-04 2.19131E-04 1.99397E-04 1.83359E-04 1.70360E-04 1.59846E-04 1.51469E-04 1.44838E-04 1.35530E-04 % Pu241
2.86636E-04 2.86683E-04 2.86933E-04 2.93105E-04 2.97646E-04 3.00740E-04 3.02589E-04 3.03361E-04 3.03229E-04 3.02291E-04 3.00701E-04 2.98542E-04 2.95882E-04 2.92849E-04 2.89481E-04 2.81992E-04 % Pu242
6.04718E-04 6.04455E-04 6.03403E-04 5.72949E-04 5.41742E-04 5.10533E-04 4.79834E-04 4.49955E-04 4.21235E-04 3.93804E-04 3.67721E-04 3.43156E-04 3.20019E-04 2.98432E-04 2.78253E-04 2.42089E-04 % Am241
0.00000E+00 3.30196E-08 1.64534E-07 3.51770E-06 6.22090E-06 8.35130E-06 9.98816E-06 1.12066E-05 1.20699E-05 1.26378E-05 1.29632E-05 1.30875E-05 1.30511E-05 1.28835E-05 1.26151E-05 1.18639E-05 % Am242m
6.04718E-04 6.04351E-04 6.02903E-04 5.63436E-04 5.26737E-04 4.92695E-04 4.61162E-04 4.31911E-04 4.04847E-04 3.79755E-04 3.56451E-04 3.34877E-04 3.14814E-04 2.96192E-04 2.78855E-04 2.47703E-04 % Am243
0.00000E+00 2.29255E-07 1.42156E-06 1.62423E-05 1.80360E-05 1.75657E-05 1.67063E-05 1.58041E-05 1.48934E-05 1.40000E-05 1.31682E-05 1.23602E-05 1.16064E-05 1.08682E-05 1.02070E-05 9.00805E-06 % Cm242
0.00000E+00 3.55237E-07 1.79699E-06 3.94180E-05 7.13970E-05 9.82528E-05 1.20566E-04 1.38899E-04 1.53698E-04 1.65408E-04 1.74506E-04 1.81247E-04 1.86046E-04 1.89080E-04 1.90662E-04 1.90228E-04 % Cm244
0.00000E+00 0.00000E+00 0.00000E+00 0.00000E+00 0.00000E+00 0.00000E+00 0.00000E+00 0.00000E+00 0.00000E+00 0.00000E+00 0.00000E+00 0.00000E+00 0.00000E+00 0.00000E+00 0.00000E+00 0.00000E+00 % lost data
7.25661E-02 7.25686E-02 7.25788E-02 7.28841E-02 7.32021E-02 7.35224E-02 7.38424E-02 7.41621E-02 7.44807E-02 7.47987E-02 7.51157E-02 7.54313E-02 7.57461E-02 7.60594E-02 7.63719E-02 7.69935E-02 % total
];

