
DETflux_fuel = [
    1    1    1    1    1    1    1    1    1    1  1.20340E+15 0.00111 
];


DETflux_fuelE = [
 1.00000E-01  2.00000E+01  1.00500E+01
];
