
ZAI = [
666
0
];

NAMES = [
'lost            '
'total           '
];

iLOST    = 1;
iTOT     = 2;

MAT_fuel_VOLUME = [ 6.88652E+03 6.88652E+03 6.88652E+03 6.88652E+03 6.88652E+03 6.88652E+03 6.88652E+03 6.88652E+03 6.88652E+03 6.88652E+03 6.88652E+03 ];

MAT_fuel_BURNUP = [ 0.00000E+00 5.00054E+00 1.00010E+01 1.50015E+01 2.00020E+01 2.50024E+01 3.00027E+01 3.50031E+01 4.00035E+01 4.50039E+01 5.00044E+01 ];

MAT_fuel_ADENS = [
0.00000E+00 0.00000E+00 0.00000E+00 0.00000E+00 0.00000E+00 0.00000E+00 0.00000E+00 0.00000E+00 0.00000E+00 0.00000E+00 0.00000E+00 % lost data
9.23961E-02 9.25589E-02 9.27217E-02 9.28846E-02 9.30474E-02 9.32102E-02 9.33730E-02 9.35357E-02 9.36984E-02 9.38611E-02 9.40237E-02 % total
];

MAT_fuel_MDENS = [
0.00000E+00 0.00000E+00 0.00000E+00 0.00000E+00 0.00000E+00 0.00000E+00 0.00000E+00 0.00000E+00 0.00000E+00 0.00000E+00 0.00000E+00 % lost data
1.37800E+01 1.37798E+01 1.37795E+01 1.37793E+01 1.37790E+01 1.37788E+01 1.37786E+01 1.37784E+01 1.37781E+01 1.37779E+01 1.37777E+01 % total
];

MAT_fuel_A = [
0.00000E+00 0.00000E+00 0.00000E+00 0.00000E+00 0.00000E+00 0.00000E+00 0.00000E+00 0.00000E+00 0.00000E+00 0.00000E+00 0.00000E+00 % lost data
2.15798E+09 9.75248E+19 1.03218E+20 1.06704E+20 1.09225E+20 1.11191E+20 1.12815E+20 1.14174E+20 1.15360E+20 1.16385E+20 1.17314E+20 % total
];

MAT_fuel_H = [
0.00000E+00 0.00000E+00 0.00000E+00 0.00000E+00 0.00000E+00 0.00000E+00 0.00000E+00 0.00000E+00 0.00000E+00 0.00000E+00 0.00000E+00 % lost data
1.56307E-03 3.64297E+07 3.72002E+07 3.76064E+07 3.78705E+07 3.80548E+07 3.81932E+07 3.82965E+07 3.83753E+07 3.84300E+07 3.84733E+07 % total
];

MAT_fuel_SF = [
0.00000E+00 0.00000E+00 0.00000E+00 0.00000E+00 0.00000E+00 0.00000E+00 0.00000E+00 0.00000E+00 0.00000E+00 0.00000E+00 0.00000E+00 % lost data
4.55537E+02 1.40135E+03 4.37960E+03 9.18545E+03 1.56590E+04 2.36463E+04 3.30507E+04 4.37827E+04 5.57705E+04 6.89892E+04 8.33814E+04 % total
];

MAT_fuel_GSRC = [
0.00000E+00 0.00000E+00 0.00000E+00 0.00000E+00 0.00000E+00 0.00000E+00 0.00000E+00 0.00000E+00 0.00000E+00 0.00000E+00 0.00000E+00 % lost data
1.74654E+09 1.03542E+20 1.10028E+20 1.14445E+20 1.17795E+20 1.20462E+20 1.22669E+20 1.24515E+20 1.26103E+20 1.27466E+20 1.28675E+20 % total
];

MAT_fuel_ING_TOX = [
0.00000E+00 0.00000E+00 0.00000E+00 0.00000E+00 0.00000E+00 0.00000E+00 0.00000E+00 0.00000E+00 0.00000E+00 0.00000E+00 0.00000E+00 % lost data
9.97568E+01 1.23291E+10 1.78438E+10 2.15583E+10 2.43594E+10 2.66069E+10 2.84875E+10 3.01063E+10 3.15324E+10 3.28076E+10 3.39641E+10 % total
];

MAT_fuel_INH_TOX = [
0.00000E+00 0.00000E+00 0.00000E+00 0.00000E+00 0.00000E+00 0.00000E+00 0.00000E+00 0.00000E+00 0.00000E+00 0.00000E+00 0.00000E+00 % lost data
1.79258E+04 7.15248E+09 1.11414E+10 1.42119E+10 1.67529E+10 1.89377E+10 2.08667E+10 2.26000E+10 2.41845E+10 2.56485E+10 2.70171E+10 % total
];

TOT_VOLUME = [ 6.88652E+03 6.88652E+03 6.88652E+03 6.88652E+03 6.88652E+03 6.88652E+03 6.88652E+03 6.88652E+03 6.88652E+03 6.88652E+03 6.88652E+03 ];

TOT_BURNUP = [ 0.00000E+00 5.00054E+00 1.00010E+01 1.50015E+01 2.00020E+01 2.50024E+01 3.00027E+01 3.50031E+01 4.00035E+01 4.50039E+01 5.00044E+01 ];

TOT_ADENS = [
0.00000E+00 0.00000E+00 0.00000E+00 0.00000E+00 0.00000E+00 0.00000E+00 0.00000E+00 0.00000E+00 0.00000E+00 0.00000E+00 0.00000E+00 % lost data
9.23961E-02 9.25589E-02 9.27217E-02 9.28846E-02 9.30474E-02 9.32102E-02 9.33730E-02 9.35357E-02 9.36984E-02 9.38611E-02 9.40237E-02 % total
];

TOT_MASS = [
0.00000E+00 0.00000E+00 0.00000E+00 0.00000E+00 0.00000E+00 0.00000E+00 0.00000E+00 0.00000E+00 0.00000E+00 0.00000E+00 0.00000E+00 % lost data
9.48962E+04 9.48945E+04 9.48929E+04 9.48912E+04 9.48896E+04 9.48881E+04 9.48865E+04 9.48850E+04 9.48835E+04 9.48820E+04 9.48805E+04 % total
];

TOT_A = [
0.00000E+00 0.00000E+00 0.00000E+00 0.00000E+00 0.00000E+00 0.00000E+00 0.00000E+00 0.00000E+00 0.00000E+00 0.00000E+00 0.00000E+00 % lost data
2.15798E+09 9.75248E+19 1.03218E+20 1.06704E+20 1.09225E+20 1.11191E+20 1.12815E+20 1.14174E+20 1.15360E+20 1.16385E+20 1.17314E+20 % total
];

TOT_H = [
0.00000E+00 0.00000E+00 0.00000E+00 0.00000E+00 0.00000E+00 0.00000E+00 0.00000E+00 0.00000E+00 0.00000E+00 0.00000E+00 0.00000E+00 % lost data
1.56307E-03 3.64297E+07 3.72002E+07 3.76064E+07 3.78705E+07 3.80548E+07 3.81932E+07 3.82965E+07 3.83753E+07 3.84300E+07 3.84733E+07 % total
];

TOT_SF = [
0.00000E+00 0.00000E+00 0.00000E+00 0.00000E+00 0.00000E+00 0.00000E+00 0.00000E+00 0.00000E+00 0.00000E+00 0.00000E+00 0.00000E+00 % lost data
4.55537E+02 1.40135E+03 4.37960E+03 9.18545E+03 1.56590E+04 2.36463E+04 3.30507E+04 4.37827E+04 5.57705E+04 6.89892E+04 8.33814E+04 % total
];

TOT_GSRC = [
0.00000E+00 0.00000E+00 0.00000E+00 0.00000E+00 0.00000E+00 0.00000E+00 0.00000E+00 0.00000E+00 0.00000E+00 0.00000E+00 0.00000E+00 % lost data
1.74654E+09 1.03542E+20 1.10028E+20 1.14445E+20 1.17795E+20 1.20462E+20 1.22669E+20 1.24515E+20 1.26103E+20 1.27466E+20 1.28675E+20 % total
];

TOT_ING_TOX = [
0.00000E+00 0.00000E+00 0.00000E+00 0.00000E+00 0.00000E+00 0.00000E+00 0.00000E+00 0.00000E+00 0.00000E+00 0.00000E+00 0.00000E+00 % lost data
9.97568E+01 1.23291E+10 1.78438E+10 2.15583E+10 2.43594E+10 2.66069E+10 2.84875E+10 3.01063E+10 3.15324E+10 3.28076E+10 3.39641E+10 % total
];

TOT_INH_TOX = [
0.00000E+00 0.00000E+00 0.00000E+00 0.00000E+00 0.00000E+00 0.00000E+00 0.00000E+00 0.00000E+00 0.00000E+00 0.00000E+00 0.00000E+00 % lost data
1.79258E+04 7.15248E+09 1.11414E+10 1.42119E+10 1.67529E+10 1.89377E+10 2.08667E+10 2.26000E+10 2.41845E+10 2.56485E+10 2.70171E+10 % total
];

BU = [ 0.00000E+00 5.00000E+00 1.00000E+01 1.50000E+01 2.00000E+01 2.50000E+01 3.00000E+01 3.50000E+01 4.00000E+01 4.50000E+01 5.00000E+01 ];

DAYS = [ 0.00000E+00 6.96912E-01 1.39382E+00 2.09074E+00 2.78765E+00 3.48456E+00 4.18147E+00 4.87838E+00 5.57530E+00 6.27221E+00 6.96912E+00 ];
