
DETflux_fuel = [
    1    1    1    1    1    1    1    1    1    1  1.67061E+15 0.00132 
];


DETflux_fuelE = [
 1.00000E-01  2.00000E+01  1.00500E+01
];
